0.382971
0.21939
0.171899
0.1457
0.132028
0.117813
0.108089
0.101912
0.0957287
0.0928505
0.0906585
0.0884849
0.0856012
0.0830303
0.0810052
0.0791332
0.0775719
0.076029
0.0748336
0.0737457
0.0726874
0.0717462
0.0710148
0.0706197
0.0703817
0.0701666
0.0697195
0.0691114
0.0688584
0.0682949
0.0677321
0.0673153
0.06684
0.0664553
0.0662362
0.0658284
0.0654918
0.0652898
0.0650895
0.0647611
0.0645243
0.0642018
0.0639908
0.0637145
0.0635179
0.0633087
0.0631097
0.0628962
0.0627275
0.0625428
0.0623405
0.0622479
0.0620622
0.062022
0.0618759
0.0617447
0.0616043
0.0614438
0.0613437
0.0612306
0.061114
0.0610329
0.060898
0.0607781
0.0606812
0.060562
0.0604568
0.0603476
0.06025
0.0601663
0.0600625
0.0599704
0.0599351
0.0598511
0.0597846
0.0597213
0.0596348
0.0595908
0.0595191
0.0594473
0.059367
0.0593001
0.0592535
0.0591742
0.0591126
0.0590289
0.0590165
0.0589866
0.0589297
0.0588752
0.0588218
0.058764
0.058696
0.0586724
0.058616
0.0585521
0.0585016
0.0584543
0.0584127
0.0583618
0.0583091
0.0582946
0.0582508
0.0582082
0.0581751
0.0581527
0.0581238
0.0580875
0.0580493
0.0580206
0.0579792
0.0579349
0.0578853
0.0578601
0.0578327
0.0578022
0.0577615
0.0577482
0.0577168
0.0577083
0.0576622
0.0576287
0.0576025
0.0575882
0.0575514
0.0575015
0.0574791
0.0574474
0.0574247
0.0573963
0.057362
0.0573361
0.0573113
0.0572864
0.0572632
0.0572478
0.0572289
0.0572166
0.0571893
0.0571843
0.0571567
0.057136
0.0571028
0.0570691
0.0570487
0.0570207
0.0569896
0.057007
0.0569838
0.0569584
0.0569339
0.0569071
0.0568848
0.0568719
0.0568512
0.0568344
0.0568166
0.0568048
0.0567845
0.0567678
0.0567564
0.0567379
0.0567175
0.0567059
0.056683
0.0566723
0.0566587
0.0566522
0.0566361
0.0566193
0.0566016
0.0565812
0.0565653
0.0565491
0.0565429
0.0565259
0.0565209
0.0565046
0.0564918
0.0564786
0.0564605
0.0564593
0.0564476
0.0564367
0.0564248
0.0564115
0.056395
0.0563799
0.0563634
0.0563523
0.0563435
0.0563336
0.0563198
0.0563081
0.0563022
0.0562957
0.0562874
0.0562763
0.0562669
0.0562833
0.0562774
0.0562659
0.0562472
0.0562386
0.0562285
0.0562152
0.056205
0.0561978
0.0561903
0.0561734
0.0561623
0.0561575
0.0561548
0.0561429
0.0561363
0.0561247
0.0561188
0.0561047
0.0560943
0.0560908
0.056086
0.0560751
0.0560636
0.0560545
0.0560447
0.0560381
0.0560383
0.0560219
0.0560147
0.056
0.0559903
0.0559832
0.0559684
0.0559641
0.0559574
0.0559531
0.0559402
0.0559291
0.0559236
0.0559169
0.0559047
0.0559005
0.0558898
0.0558815
0.055881
0.055874
0.0558665
0.0558598
0.0558514
0.0558422
0.0558384
0.0558286
0.0558261
0.0558191
0.0558121
0.0558024
0.0557946
0.0557853
0.0557807
0.0557755
0.0557673
0.0557593
0.0557533
0.0557476
0.055747
0.0557342
0.0557325
0.0557281
0.0557179
0.0557151
0.0557134
0.0557039
0.0557024
0.0556983
0.0556899
0.055685
0.0556838
0.0556776
0.0556852
0.0556825
0.0556764
0.055675
0.0556755
0.055726
0.0557201
0.0557132
0.0557052
0.0557014
0.0556931
0.0556852
0.0556807
0.055678
0.0556738
0.0556723
0.0556685
0.0556573
0.0556578
0.0556527
0.0556451
0.0556443
0.0556376
0.0556311
0.0556266
0.0556204
0.0556179
0.0556102
0.0556048
0.055601
0.0555972
0.0555967
0.0555903
0.0555854
0.0555785
0.0555765
0.0555725
0.0555713
0.0555705
0.0555615
0.0555521
0.055551
0.0555463
0.0555445
0.0555438
0.0555403
0.055536
0.0555383
0.0555347
0.0555305
0.0555285
0.0555256
0.0555176
0.0555155
0.0555117
0.0555083
0.0555025
0.0554995
0.0554997
0.0554957
0.0554918
0.0554897
0.0554855
0.055483
0.055477
0.055475
0.0554726
0.0554664
0.0554648
0.0554598
0.0554559
0.0554489
0.055446
0.0554418
0.0554398
0.0554389
0.0554333
0.0554309
0.055432
0.0554258
0.0554224
0.055418
0.0554146
0.0554074
0.0554037
0.0554011
0.0553968
0.0553904
0.0553874
0.0553878
0.0553846
0.055383
0.0553794
0.0553716
0.0553692
0.0553663
0.0553658
0.0553642
0.0553594
0.0553594
0.0553562
0.0553536
0.0553496
0.0553485
0.0553445
0.0553363
0.0553319
0.0553277
0.0553314
0.0553309
0.0553303
0.0553272
0.0553243
0.0553217
0.0553167
0.0553157
0.0553124
0.0553107
0.0553057
0.055304
0.0553023
0.0553035
0.0552986
0.0552957
0.0552937
0.0552906
0.0552847
0.0552827
0.055276
0.0552712
0.0552677
0.0552644
0.0552777
0.0552751
0.0552728
0.0552658
0.055263
0.0552583
0.0552547
0.0552541
0.0552529
0.0552507
0.0552471
0.0552455
0.0552439
0.0552441
0.0552399
0.0552356
0.055231
0.0552301
0.0552291
0.0552284
0.0552235
0.055224
0.0552209
0.0552184
0.0552138
0.055214
0.0552077
0.0552014
0.0551993
0.0552083
0.055203
0.0552022
0.0552009
0.0551957
0.0551921
0.0551913
0.0551885
0.0551852
0.0551828
0.0551819
0.0551798
0.0551784
0.0551742
0.0551725
0.0551689
0.0551663
0.0551632
0.0551627
0.0551629
0.0551605
0.0551599
0.0551586
0.0551575
0.0551549
0.0551682
0.0551676
0.0551656
0.0551646
0.0551614
0.0551582
0.055157
0.0551576
0.0551542
0.0551521
0.0551491
0.0551483
0.0551457
0.055141
0.0551396
0.0551388
0.0551367
0.0551361
0.0551329
0.0551322
0.05513
0.0551291
0.0551293
0.0551242
0.0551221
0.0551209
0.0551221
0.0551207
0.0551196
0.055115
0.0551136
0.0551117
0.0551092
0.0551181
0.0551126
0.055109
0.0551077
0.0551065
0.0551021
0.0550985
0.0550951
0.0550932
0.0550899
0.0550905
0.0550877
0.05509
0.0550876
0.0550841
0.0550849
0.0550834
0.0550804
0.0550799
0.0550775
0.055074
0.0550731
0.0550719
0.0550691
0.0550646
0.0550633
0.0550617
0.05506
0.0550582
0.0550558
0.0550535
0.0550508
0.0550502
0.0550495
0.0550468
0.0550468
0.0550455
0.055043
0.055043
0.0550399
0.0550394
0.0550364
0.0550338
0.0550333
0.0550299
0.0550289
0.0550251
0.0550244
0.055024
0.0550205
0.0550201
0.0550199
0.0550201
0.0550166
0.0550148
0.0550128
0.0550114
0.0550109
0.0550088
0.0550078
0.0550067
0.0550048
0.0550038
0.0550011
0.0549976
0.0549953
0.0549965
0.0549951
0.0549941
0.0549927
0.0549919
0.05499
0.0549898
0.0549884
0.0549866
0.0549869
0.0549845
0.0549835
0.0549831
0.0549811
0.0549788
0.0549751
0.0549749
0.0549725
0.0549724
0.0549705
0.0549688
0.0549661
0.0549647
0.0549615
0.0549615
0.0549597
0.0549582
0.0549576
0.0549546
0.0549516
0.05495
0.0549488
0.0549478
0.0549474
0.0549473
0.0549462
0.0549453
0.0549426
0.0549416
0.054942
0.0549402
0.0549376
0.0549383
0.0549367
0.0549369
0.0549362
0.0549342
0.0549329
0.0549304
0.0549294
0.0549277
0.0549274
0.0549277
0.0549262
0.0549236
0.0549213
0.0549168
0.0549168
0.0549157
0.0549148
0.0549124
0.0549114
0.054911
0.0549105
0.0549103
0.0549101
0.054909
0.0549095
0.0549086
0.0549089
0.0549064
0.0549045
0.0549025
0.0549035
0.0549028
0.0549056
0.0549046
0.054903
0.0549019
0.0549021
0.0548994
0.0548965
0.0548962
0.0548953
0.0548942
0.054894
0.0548921
0.054889
0.0548876
0.0548872
0.0548869
0.0548847
0.0548831
0.0548822
0.0548821
0.0548809
0.0548807
0.054881
0.0548784
0.0548769
0.0548755
0.0548734
0.0548725
0.0548713
0.0548708
0.0548719
0.0548704
0.05487
0.0548686
0.0548664
0.054867
0.0548658
0.0548641
0.0548626
0.0548627
0.0548602
0.0548594
0.0548575
0.0548559
0.0548542
0.0548542
0.0548532
0.0548548
0.0548538
0.0548528
0.0548505
0.0548502
0.0548486
0.0548461
0.0548445
0.0548452
0.0548436
0.0548413
0.0548397
0.0548375
0.0548388
0.0548373
0.0548368
0.0548353
0.0548354
0.0548353
0.0548342
0.0548344
0.0548338
0.0548346
0.0548321
0.0548313
0.0548296
0.0548276
0.0548268
0.0548255
0.0548259
0.0548253
0.054824
0.0548225
0.0548207
0.0548209
0.0548201
0.0548192
0.0548167
0.0548172
0.0548158
0.0548136
0.054813
0.0548119
0.0548117
0.0548116
0.0548094
0.0548083
0.0548054
0.0548047
0.0548046
0.0548041
0.0548043
0.0548052
0.0548052
0.0548046
0.0548022
0.0548023
0.0548033
0.054803
0.0548022
0.0548021
0.0548018
0.0548018
0.0548014
0.0547987
0.0547997
0.0547994
0.0547993
0.0547978
0.0547964
0.0547962
0.0547948
0.0547936
0.0547931
0.0547919
0.0547919
0.0547908
0.0547896
0.0547887
0.0547887
0.0547887
0.0547864
0.054784
0.0547843
0.0547839
0.0547817
0.0547819
0.0547802
0.0547789
0.0547782
0.0547773
0.0547737
0.0547719
0.0547713
0.0547706
0.0547691
0.05477
0.0547708
0.0547692
0.054769
0.0547673
0.0547677
0.0547669
0.0547654
0.0547653
0.0547651
0.0547631
0.0547624
0.0547634
0.054763
0.0547623
0.0547619
0.0547621
0.0547604
0.0547597
0.0547589
0.0547577
0.0547572
0.054756
0.0547546
0.054753
0.0547523
0.0547506
0.0547501
0.0547494
0.0547495
0.0547477
0.054747
0.0547467
0.0547448
0.0547434
0.0547415
0.0547401
0.0547403
0.0547414
0.0547408
0.0547398
0.0547401
0.0547387
0.054737
0.0547363
0.0547364
0.0547361
0.0547361
0.0547348
0.0547365
0.0547359
0.0547364
0.0547366
0.0547359
0.0547339
0.0547341
0.0547333
0.0547323
0.0547311
0.0547307
0.054731
0.054731
0.0547306
0.0547301
0.054729
0.0547274
0.0547264
0.0547262
0.0547242
0.0547229
0.0547225
0.0547217
0.0547227
0.0547225
0.0547225
0.0547219
0.0547213
0.0547214
0.054719
0.0547184
0.0547183
0.0547168
0.0547161
0.0547143
0.0547128
0.0547126
0.0547112
0.0547096
0.0547079
0.0547083
0.0547066
0.0547068
0.0547056
0.0547058
0.0547052
0.0547051
0.0547033
0.0547015
0.0547013
0.0547015
0.0547011
0.0547001
0.0546988
0.0546985
0.0546986
0.0546966
0.0546968
0.0546965
0.054696
0.0546958
0.0546955
0.0546961
0.0546967
0.0546954
0.0546938
0.0546926
0.0546922
0.0546942
0.0546933
0.0546921
0.0546915
0.0546911
0.0546919
0.0546924
0.0546923
0.0546913
0.0546901
0.0546894
0.0546877
0.0546866
0.0546867
0.0546864
0.0546861
0.0546864
0.0546863
0.0546859
0.0546841
0.0546837
0.0546823
0.054682
0.0546803
0.0546799
0.0546803
0.0546799
0.0546789
0.0546787
0.0546781
0.0546773
0.0546768
0.0546757
0.0546755
0.0546754
0.0546743
0.0546731
0.0546735
0.0546717
0.0546712
0.0546706
0.0546697
0.0546676
0.0546663
0.0546662
0.0546641
0.0546633
0.054663
0.0546635
0.054662
0.0546632
0.0546626
0.0546628
0.0546631
0.0546628
0.0546616
0.0546611
0.0546602
0.0546602
0.0546598
0.0546596
0.0546581
0.054659
0.0546589
0.0546576
0.0546568
0.0546556
0.0546536
0.0546538
0.0546527
0.0546542
0.0546531
0.0546535
0.0546537
0.0546546
0.0546563
0.0546558
0.0546545
0.0546546
0.0546541
0.0546545
0.0546533
0.0546525
0.054655
0.0546538
0.0546539
0.0546552
0.054655
0.0546559
0.0546561
0.0546554
0.0546551
0.0546549
0.0546559
0.0546556
0.0546546
0.0546543
0.0546539
0.0546532
0.0546529
0.0546525
0.0546519
0.0546518
0.0546503
0.0546506
0.0546494
0.0546489
0.0546479
0.0546474
0.0546487
0.0546484
0.054647
0.0546465
0.0546457
0.0546448
0.054644
0.0546433
0.0546411
0.0546405
0.0546415
0.0546392
0.05464
0.0546392
0.0546387
0.0546374
0.0546369
0.0546373
0.0546374
0.0546365
0.0546363
0.0546365
0.0546362
0.054635
0.0546356
0.0546352
0.0546343
0.0546338
0.0546332
0.0546326
0.0546325
0.0546318
0.0546314
0.0546305
0.0546295
0.0546286
0.0546284
0.0546284
0.054628
0.0546274
0.0546282
0.0546259
0.0546267
0.0546269
0.0546272
0.0546273
0.0546267
0.0546268
0.0546264
0.0546259
0.054625
0.0546241
0.0546235
0.0546229
0.0546222
0.054621
0.0546206
0.0546204
0.0546205
0.0546195
0.0546186
0.0546184
0.0546172
0.0546161
0.0546158
0.0546148
0.0546145
0.0546135
0.0546133
0.0546133
0.0546126
0.0546128
0.0546115
0.0546132
0.0546127
0.0546122
0.0546124
0.0546117
0.0546116
0.0546107
0.0546107
0.0546101
0.0546107
0.0546089
0.0546081
0.0546086
0.0546088
0.0546075
0.0546072
0.0546069
0.0546078
0.0546079
0.0546073
0.0546063
0.0546062
0.0546067
0.0546073
0.0546065
0.0546064
0.054606
0.0546057
0.0546057
0.054605
0.0546039
0.054605
0.0546047
0.054604
0.0546036
0.0546036
0.0546035
0.0546022
0.0546016
0.0546019
0.0546016
0.0546017
0.0546022
0.0546017
0.0546017
0.0546009
0.0546004
0.0546001
0.0545997
0.0545994
0.0546004
0.0546002
0.0546003
0.0546003
0.0546005
0.0545996
0.0545991
0.0545997
0.0545993
0.0545992
0.0545982
0.0545982
0.0545975
0.0545969
0.0545969
0.0545962
0.0545958
0.0545946
0.0545938
0.0545939
0.0545936
0.0545927
0.0545926
0.0545927
0.0545932
0.0545923
0.054592
0.0545906
0.0545902
0.0545905
0.0545899
0.0545895
0.0545902
0.0545898
0.0545894
0.0545887
0.0545878
0.054587
0.054587
0.0545872
0.0545866
0.0545862
0.0545861
0.0545869
0.0545857
0.054588
0.0545889
0.0545889
0.0545873
0.0545858
0.0545849
0.0545837
0.0545829
0.0545824
0.0545821
0.0545822
0.0545812
0.0545803
0.0545802
0.0545792
0.0545787
0.0545777
0.0545767
0.0545766
0.0545772
0.0545772
0.0545767
0.0545766
0.054576
0.0545761
0.0545766
0.0545759
0.0545754
0.0545746
0.0545741
0.0545738
0.0545735
0.054573
0.0545732
0.0545727
0.0545724
0.0545726
0.0545724
0.0545729
0.0545717
0.0545714
0.0545702
0.0545698
0.0545695
0.0545693
0.0545697
0.054569
0.0545689
0.0545688
0.054568
0.0545671
0.0545666
0.0545659
0.0545655
0.0545645
0.0545639
0.0545625
0.0545623
0.054562
0.0545612
0.0545611
0.0545601
0.0545597
0.0545585
0.0545589
0.0545589
0.0545591
0.0545592
0.0545593
0.0545593
0.0545585
0.0545586
0.0545576
0.0545575
0.0545571
0.0545573
0.054558
0.0545575
0.0545576
0.0545575
0.0545571
0.054557
0.0545568
0.0545569
0.0545568
0.0545561
0.0545565
0.0545571
0.0545568
0.054557
0.054557
0.0545573
0.0545571
0.0545582
0.0545591
0.0545584
0.0545587
0.0545587
0.0545583
0.0545586
0.0545583
0.0545573
0.0545565
0.0545567
0.0545564
0.0545559
0.0545557
0.0545552
0.0545551
0.0545552
0.0545547
0.0545546
0.0545528
0.0545521
0.0545526
0.0545527
0.0545519
0.0545518
0.0545512
0.0545508
0.05455
0.0545497
0.0545492
0.0545488
0.0545482
0.0545483
0.0545474
0.0545476
0.0545469
0.0545468
0.0545466
0.0545464
0.054546
0.0545453
0.0545461
0.0545462
0.0545456
0.0545462
0.0545465
0.0545471
0.0545466
0.0545466
0.0545469
0.0545466
0.054547
0.0545463
0.0545464
0.054545
0.0545443
0.0545439
0.0545436
0.0545428
0.0545431
0.0545429
0.054544
0.0545446
0.0545443
0.0545439
0.0545434
0.0545433
0.054543
0.0545422
0.0545416
0.054541
0.05454
0.0545404
0.0545403
0.054541
0.0545405
0.0545402
0.0545394
0.0545403
0.0545406
0.0545397
0.0545391
0.0545387
0.0545387
0.0545386
0.0545379
0.0545396
0.0545394
0.0545396
0.0545394
0.0545395
0.0545391
0.0545394
0.0545404
0.0545399
0.0545401
0.0545414
0.0545415
0.054541
0.05454
0.0545398
0.0545402
0.0545404
0.0545407
0.0545402
0.0545395
0.0545397
0.0545394
0.0545386
0.0545383
0.0545383
0.0545383
0.0545376
0.0545371
0.0545363
0.0545354
0.0545351
0.0545348
0.0545341
0.054534
0.0545323
0.0545321
0.0545309
0.0545305
0.0545305
0.0545302
0.0545304
0.0545304
0.0545306
0.0545306
0.0545305
0.0545303
0.0545299
0.0545295
0.054529
0.0545279
0.0545271
0.0545269
0.054527
0.0545267
0.0545265
0.0545259
0.054525
0.0545253
0.0545248
0.0545251
0.0545249
0.0545243
0.0545232
0.0545223
0.0545221
0.0545217
0.0545218
0.0545215
0.0545214
0.0545211
0.0545206
0.0545195
0.0545198
0.0545204
0.0545202
0.05452
0.0545193
0.0545185
0.0545183
0.0545188
0.0545188
0.0545179
0.0545174
0.054517
0.0545164
0.0545165
0.0545161
0.0545149
0.0545146
0.0545152
0.0545152
0.0545151
0.0545155
0.0545148
0.0545156
0.0545158
0.0545153
0.0545152
0.0545149
0.0545144
0.0545143
0.0545143
0.0545138
0.054514
0.0545139
0.0545139
0.0545128
0.0545132
0.0545136
0.0545135
0.0545132
0.0545125
0.0545122
0.0545114
0.0545113
0.0545113
0.0545116
0.0545116
0.0545112
0.054511
0.0545109
0.0545106
0.0545098
0.0545093
0.0545089
0.0545082
0.0545088
0.0545085
0.0545084
0.0545092
0.054509
0.054509
0.0545089
0.054509
0.0545091
0.0545091
0.0545085
0.0545075
0.0545076
0.054508
0.0545084
0.0545089
0.0545092
0.0545092
0.0545093
0.0545085
0.0545085
0.0545082
0.0545072
0.0545072
0.0545072
0.0545071
0.0545075
0.0545081
0.0545076
0.0545076
0.0545074
0.0545069
0.0545062
0.0545055
0.0545054
0.0545064
0.054506
0.0545062
0.0545061
0.0545055
0.0545045
0.054505
0.0545046
0.0545044
0.0545041
0.0545036
0.0545037
0.0545034
0.0545031
0.0545038
0.0545038
0.0545039
0.0545032
0.0545031
0.0545021
0.054502
0.0545016
0.0545012
0.0545016
0.0545023
0.054502
0.0545021
0.0545019
0.0545015
0.0545014
0.0545006
0.0544998
0.0545
0.0544995
0.0544996
0.0544993
0.0544997
0.0544989
0.0544989
0.0544988
0.0544987
0.0544993
0.0544991
0.0544997
0.0544985
0.0544981
0.0544991
0.0544985
0.0544986
0.0544976
0.0544973
0.0544981
0.0544983
0.0544984
0.0544985
0.0544981
0.0544974
0.0544967
0.0544967
0.0544961
0.0544951
0.0544944
0.0544941
0.0544935
0.0544937
0.0544932
0.0544926
0.0544931
0.0544931
0.054493
0.0544928
0.0544933
0.0544931
0.0544925
0.0544928
0.0544927
0.0544933
0.0544933
0.0544942
0.0544942
0.0544932
0.0544933
0.0544929
0.0544921
0.0544923
0.0544928
0.0544927
0.0544928
0.0544929
0.0544931
0.0544925
0.0544926
0.0544922
0.0544924
0.0544928
0.0544925
0.0544919
0.0544918
0.054491
0.054491
0.0544905
0.0544906
0.05449
0.0544897
0.054489
0.0544892
0.0544892
0.05449
