8.1273
4.4229
2.26854
1.61669
1.20318
0.902067
0.748709
0.645857
0.612346
0.535669
0.485855
0.436259
0.40622
0.385458
0.354163
0.333244
0.315241
0.295481
0.283242
0.280173
0.266718
0.255809
0.244382
0.235057
0.227092
0.218753
0.210581
0.204835
0.200978
0.194403
0.187993
0.183768
0.180224
0.178149
0.174287
0.170258
0.167338
0.163435
0.159637
0.157169
0.155023
0.152538
0.151261
0.148349
0.146218
0.144911
0.14264
0.140691
0.138687
0.136561
0.135768
0.133538
0.132023
0.129759
0.12792
0.126487
0.12497
0.123388
0.12264
0.121015
0.121037
0.119865
0.119195
0.117817
0.117804
0.118015
0.116665
0.115538
0.114723
0.11365
0.112566
0.11173
0.110826
0.109934
0.109118
0.108354
0.10929
0.109113
0.108513
0.107607
0.106965
0.106204
0.105575
0.105309
0.104649
0.104293
0.10375
0.103224
0.102458
0.101957
0.101411
0.101166
0.100657
0.1
0.0994111
0.0988986
0.0987876
0.0982375
0.097645
0.097615
0.0971336
0.0966275
0.0961985
0.095805
0.0960612
0.0958396
0.0953464
0.0948438
0.0944317
0.0941022
0.0939788
0.093642
0.093277
0.0930035
0.0927102
0.0925036
0.0922248
0.091765
0.0917541
0.0914061
0.091112
0.0912062
0.0908138
0.0906635
0.0907585
0.0905427
0.0902785
0.0898944
0.0895889
0.0892643
0.0891009
0.0894772
0.0893274
0.0890922
0.0889467
0.0889805
0.0888614
0.0886384
0.0883087
0.0880056
0.0877342
0.0875605
0.0874403
0.0871844
0.0872336
0.0870244
0.0867332
0.0865278
0.0862788
0.0860056
0.0857643
0.0855718
0.0853622
0.0851638
0.0848919
0.0846911
0.0844617
0.0842784
0.0840222
0.083798
0.0836596
0.0834738
0.0834529
0.0833018
0.083144
0.0829071
0.0827653
0.082689
0.0825528
0.0824425
0.0822683
0.0820454
0.0818821
0.081642
0.0814558
0.0813473
0.0811601
0.0809585
0.0811424
0.0810013
0.080847
0.0806617
0.0804872
0.08039
0.0803134
0.0801958
0.0800496
0.0799114
0.0797771
0.0796175
0.0794635
0.0792794
0.0791343
0.0789666
0.0788262
0.0786591
0.0784935
0.078348
0.0782142
0.0780995
0.0779641
0.0778418
0.0777188
0.0776128
0.0774837
0.0773574
0.0772816
0.0772315
0.0771064
0.0770585
0.0769814
0.0768827
0.076883
0.0767816
0.0766769
0.0766563
0.0765632
0.0765203
0.0764315
0.0764108
0.0763676
0.0763
0.0762558
0.076162
0.0761249
0.0760124
0.0759523
0.0758475
0.0758131
0.0757423
0.075698
0.0756245
0.0756184
0.0755469
0.0754435
0.075351
0.0752815
0.0752019
0.0751837
0.0750957
0.0750252
0.0749159
0.0748537
0.0748049
0.0746993
0.074629
0.0745777
0.0745086
0.0744334
0.0743174
0.0742903
0.0742106
0.0741092
0.0740241
0.0739332
0.0741221
0.0740491
0.074102
0.0740382
0.0739374
0.073906
0.0738563
0.0738166
0.0737417
0.0736961
0.0736238
0.0735781
0.0735229
0.0734466
0.0733723
0.0733197
0.0732986
0.0732495
0.0731874
0.07318
0.0731217
0.073031
0.0729661
0.0729111
0.0728496
0.0727694
0.0726938
0.072629
0.072582
0.0725078
0.0724465
0.0723602
0.0722904
0.0722938
0.0722376
0.0721575
0.072083
0.072021
0.0719753
0.0719257
0.0718801
0.0718079
0.0717597
0.0716891
0.0716388
0.071586
0.0715241
0.0714519
0.071398
0.071332
0.0712822
0.0712229
0.0711717
0.0711235
0.071058
0.0710052
0.0709554
0.0709065
0.0708329
0.0707782
0.0707309
0.0706785
0.0706252
0.0705645
0.0705121
0.070466
0.0704226
0.0703845
0.0718759
0.0718141
0.07176
0.0717117
0.0717013
0.0716316
0.0715947
0.0715318
0.0714903
0.0714308
0.0713758
0.0713021
0.0712359
0.0711977
0.0711457
0.0711036
0.0710526
0.0709994
0.0709727
0.0709766
0.07095
0.0709008
0.0709531
0.0708949
0.0708501
0.0707955
0.0707431
0.0706887
0.0706271
0.0705708
0.0705135
0.0704892
0.070452
0.0704254
0.0703805
0.0703432
0.0703115
0.0702813
0.0702371
0.0701794
0.0701588
0.0701068
0.0700788
0.0700313
0.0699784
0.0699211
0.0698767
0.0698276
0.0697736
0.0697525
0.0697082
0.0696587
0.0696295
0.0696114
0.0695781
0.069526
0.0694867
0.0694599
0.0694184
0.0693779
0.0693329
0.0693289
0.0692789
0.0692548
0.0692133
0.0691907
0.0691472
0.0691074
0.069079
0.0690465
0.0690068
0.06898
0.0689533
0.0689088
0.0688688
0.0688371
0.0687944
0.0687565
0.0687237
0.0687046
0.0686676
0.0686445
0.0685964
0.0685716
0.0685321
0.0684966
0.0684609
0.0684393
0.0684001
0.068359
0.0683263
0.0682996
0.0682644
0.0682396
0.0682038
0.0681736
0.0681363
0.0681068
0.0680727
0.0680321
0.0679981
0.0679703
0.0679317
0.0678952
0.0678655
0.0678329
0.0678112
0.0677815
0.0677507
0.0677158
0.0677151
0.0676862
0.0676526
0.0676133
0.0675812
0.0675526
0.0675243
0.0674932
0.0674605
0.0674283
0.0673966
0.0673749
0.0673445
0.0673148
0.0672925
0.0672878
0.067279
0.0672465
0.0672121
0.0671954
0.067169
0.067139
0.0671186
0.0671167
0.0670925
0.0670709
0.0670488
0.0670219
0.0670117
0.0669867
0.0669592
0.0669361
0.0669127
0.0668913
0.0668737
0.0668615
0.0668335
0.0668132
0.066817
0.066794
0.0667744
0.0667471
0.0667209
0.066794
0.0667741
0.0667609
0.0667346
0.0667089
0.0666847
0.0666621
0.0666386
0.066614
0.0665834
0.0665591
0.0665455
0.0665288
0.0665009
0.0664743
0.0664587
0.0664419
0.06642
0.0664119
0.0664142
0.0663875
0.0663688
0.0663566
0.0663237
0.0662991
0.0662809
0.0662611
0.0662415
0.0662396
0.0662156
0.0661922
0.0661702
0.0662219
0.066199
0.0661707
0.066144
0.0661235
0.0661083
0.0660871
0.0660655
0.0660495
0.0660216
0.0660036
0.0659852
0.0659691
0.0659515
0.065932
0.065915
0.0658989
0.0658825
0.0658709
0.0658559
0.0658504
0.0658299
0.0658119
0.0657956
0.0657746
0.0657591
0.0657378
0.0657152
0.0656922
0.065678
0.065664
0.0656414
0.0656214
0.0656052
0.0655866
0.0655703
0.0655474
0.0655269
0.0655124
0.0654926
0.0654816
0.0654596
0.0654402
0.0654206
0.0654009
0.0653789
0.0653589
0.0653503
0.0653295
0.0653146
0.0652991
0.0652858
0.0652682
0.0652523
0.0652326
0.0652133
0.0652189
0.0652022
0.0651804
0.0651814
0.0651654
0.0651483
0.0651434
0.0651316
0.065136
0.0651142
0.0650927
0.0650756
0.0650652
0.0650466
0.0650308
0.0650287
0.0650126
0.0650003
0.0649857
0.0649664
0.0649531
0.0649432
0.0649298
0.0649158
0.0649009
0.0649122
0.0649052
0.0649006
0.0648839
0.0648735
0.0648597
0.0648524
0.0648527
0.0648405
0.0648299
0.0648189
0.0648014
0.0647897
0.0647678
0.0647756
0.0647665
0.0647538
0.0647545
0.0647362
0.0647278
0.0647179
0.0647068
0.064693
0.0646761
0.0646613
0.0646528
0.0646357
0.0646193
0.064614
0.0645984
0.0645836
0.0645674
0.0645496
0.0645348
0.0645178
0.0645069
0.064496
0.0644762
0.0644673
0.064455
0.0644364
0.0644182
0.0644049
0.0643995
0.0643865
0.064369
0.064356
0.0643465
0.064333
0.0643166
0.064305
0.0642971
0.0642847
0.0642739
0.0642641
0.0642532
0.064242
0.0642347
0.0642148
0.0642028
0.0641929
0.0641834
0.0641816
0.0641631
0.0641566
0.0641508
0.0641399
0.0641296
0.0641178
0.0641065
0.0640946
0.0640803
0.064466
0.0644511
0.0644442
0.064428
0.0644177
0.0644053
0.0644015
0.0643889
0.0643763
0.0643636
0.0643491
0.0643369
0.0643198
0.0643126
0.0643037
0.0642915
0.0642802
0.0642649
0.0642514
0.06424
0.0642272
0.0642174
0.0642014
0.0641846
0.0641692
0.064161
0.0641485
0.064143
0.0641362
0.0641199
0.0641099
0.0640957
0.0640898
0.0640785
0.0640638
0.0640513
0.0640436
0.064028
0.064013
0.0640056
0.063993
0.0639792
0.0639697
0.0639583
0.0639519
0.0639479
0.0639421
0.0639318
0.063928
0.0639198
0.0639125
0.0638976
0.063884
0.06388
0.0638661
0.0638532
0.0638427
0.0638301
0.0638178
0.0638065
0.0637978
0.0637967
0.0637857
0.0637715
0.0637627
0.0637584
0.0637542
0.063745
0.0637315
0.0637179
0.063707
0.0637324
0.0637221
0.0637156
0.0637083
0.0637015
0.063688
0.0636846
0.0636737
0.0636629
0.0636536
0.0636535
0.063645
0.0636354
0.063625
0.0636152
0.063602
0.063593
0.0635882
0.0635758
0.0635695
0.0635639
0.0635488
0.063537
0.0635233
0.0635154
0.0635045
0.0634985
0.0634879
0.0634756
0.0634706
0.0634631
0.0634594
0.0634497
0.0634385
0.0634275
0.0634186
0.0634422
0.0634306
0.0634183
0.0634098
0.0634109
0.0634048
0.0633955
0.0633816
0.0633754
0.0633654
0.0633544
0.0633428
0.0633401
0.0633349
0.0633278
0.0633232
0.0633124
0.0633053
0.0632937
0.0632824
0.0632715
0.0632595
0.0632497
0.0632432
0.0632329
0.0632262
0.0632179
0.0632158
0.0632096
0.0632018
0.063193
0.0631836
0.063174
0.0631627
0.0631506
0.0631425
0.0631274
0.0631208
0.0631122
0.0631027
0.0630983
0.0631124
0.0631028
0.0631018
0.0630935
0.0630842
0.0630758
0.0630682
0.06306
0.0630531
0.0630421
0.063041
0.0630321
0.0630269
0.0630195
0.0630117
0.0630067
0.0629945
0.0629888
0.0629893
0.0629848
0.0629757
0.0629648
0.0629541
0.0629421
0.0629323
0.0629235
0.0629139
0.0629058
0.0629008
0.0628919
0.0628854
0.0628762
0.0628686
0.0628643
0.0628546
0.0628454
0.0628363
0.062844
0.0628322
0.0628263
0.0628159
0.0628053
0.0627954
0.0627857
0.062778
0.0627712
0.0627649
0.0627554
0.0627474
0.0627401
0.0627317
0.0627234
0.0627123
0.062705
0.0626947
0.0626841
0.0626744
0.0626687
0.0626601
0.0626515
0.0626483
0.0626436
0.0626407
0.0626319
0.0626243
0.0626199
0.062614
0.0626043
0.0625984
0.0625928
0.0625819
0.0625756
0.0625722
0.0625651
0.0625566
0.0625507
0.062545
0.0625357
0.0625324
0.0625238
0.0625212
0.0625131
0.0625038
0.0624978
0.0624894
0.0624811
0.0624725
0.0624667
0.0624628
0.0624689
0.0624638
0.0624631
0.0624561
0.0624491
0.062443
0.0624361
0.0624354
0.0624281
0.0624241
0.0624237
0.0624159
0.0624102
0.0624037
0.0623964
0.0623948
0.0623898
0.0623841
0.0623809
0.0623732
0.0623669
0.062388
0.0623827
0.0623771
0.0623695
0.0623632
0.0623577
0.0623509
0.0623501
0.0623515
0.0623557
0.0623506
0.0623445
0.0623452
0.0623396
0.0623353
0.0623297
0.0623216
0.0623141
0.0623104
0.0623087
0.062302
0.0622934
0.062291
0.0622853
0.0622791
0.0622746
0.0622676
0.0622636
0.062261
0.0622578
0.0622553
0.0622502
0.0622482
0.0622453
0.0622431
0.0622399
0.062233
0.0622333
0.0622276
0.0622229
0.0622161
0.0622104
0.0622127
0.0622048
0.0621989
0.06219
0.0621858
0.0621781
0.0621718
0.0621622
0.0621548
0.0621498
0.0621487
0.0621424
0.0621385
0.062151
0.062143
0.0621385
0.0621347
0.0621279
0.062121
0.0621138
0.0621089
0.0621075
0.0621015
0.0620971
0.0620886
0.0620842
0.0620782
0.0620723
0.062067
0.0620597
0.0620545
0.0620535
0.0620482
0.0620429
0.0620397
0.0620364
0.0620345
0.0620301
0.0620255
0.0620189
0.0620106
0.0620073
0.0620003
0.0619954
0.0619902
0.0619833
0.0619768
0.0619704
0.0619652
0.0619595
0.0619557
0.0619575
0.0619512
0.0619473
0.0619427
0.0619379
0.06193
0.061927
0.0619241
0.0619187
0.0619137
0.0619096
0.0619021
0.0618948
0.0618885
0.0618853
0.0618795
0.0618756
0.0618704
0.061867
0.061863
0.0618669
0.0618637
0.0618575
0.0618693
0.0618688
0.061865
0.0618586
0.0618551
0.0618525
0.061848
0.0618443
0.0618421
0.0618387
0.061835
0.0618309
0.0618241
0.0618217
0.0618177
0.0618162
0.0618144
0.0618076
0.0618031
0.0617973
0.0617914
0.0617879
0.0617859
0.0617811
0.0617735
0.0617665
0.0617642
0.0617598
0.0617524
0.0617494
0.0617463
0.0617449
0.061741
0.0617361
