0.368457
0.209181
0.157641
0.13198
0.116965
0.106995
0.100677
0.0955723
0.0912463
0.0879095
0.0851706
0.0830108
0.0812737
0.0794194
0.077888
0.0765449
0.0754263
0.0744609
0.0736839
0.072811
0.0721218
0.0714389
0.0709705
0.0704229
0.0698897
0.0694482
0.0689762
0.0685623
0.068157
0.0678334
0.0675376
0.0672084
0.0668932
0.0666579
0.0664124
0.0661481
0.065885
0.0656639
0.0654698
0.0652915
0.0651077
0.0649411
0.0647797
0.0646009
0.0644258
0.0642883
0.064149
0.0640123
0.0638856
0.0637566
0.0636475
0.0635403
0.0634086
0.0632968
0.0631823
0.063078
0.0629769
0.0628813
0.0628015
0.0627151
0.0626405
0.0625684
0.0624987
0.0624208
0.0623553
0.0622769
0.0621931
0.0621338
0.0620697
0.0620055
0.0619402
0.0618785
0.061832
0.0617659
0.061711
0.0616622
0.0616227
0.0615621
0.0614954
0.0614495
0.0613905
0.0613448
0.0613073
0.0612746
0.0612387
0.0611933
0.0611586
0.0611143
0.0610687
0.0610286
0.0609901
0.0609631
0.0609229
0.0608884
0.0608501
0.0608169
0.0607868
0.0607578
0.0607206
0.0606833
0.0606446
0.0606098
0.0605797
0.0605471
0.0605206
0.0604886
0.0604683
0.0604468
0.060426
0.0604102
0.0603898
0.0603675
0.0603478
0.0603189
0.0602884
0.0602617
0.0602442
0.0602258
0.0602015
0.0601778
0.0601614
0.060141
0.0601161
0.0601038
0.0600866
0.0600614
0.0600406
0.0600217
0.0600033
0.059985
0.0599666
0.0599552
0.0599407
0.0599223
0.0599003
0.0598891
0.0598772
0.0598616
0.0598464
0.0598341
0.0598162
0.0598003
0.0597782
0.0597643
0.0597521
0.0597364
0.0597212
0.0597058
0.0596882
0.0596725
0.0596577
0.0596398
0.0596288
0.0596192
0.0596021
0.0595957
0.0595861
0.0595773
0.0595636
0.059553
0.0595424
0.0595336
0.0595243
0.0595125
0.0594976
0.0594888
0.059475
0.0594653
0.0594553
0.0594461
0.0594423
0.0594308
0.0594251
0.0594132
0.0594031
0.0593916
0.0593823
0.0593704
0.0593614
0.0593532
0.0593408
0.059334
0.0593299
0.0593218
0.0593124
0.0593062
0.0592978
0.0592892
0.0592832
0.0592779
0.0592667
0.0592564
0.0592489
0.0592394
0.0592301
0.0592185
0.0592071
0.0592011
0.0591927
0.0591863
0.0591764
0.0591705
0.0591675
0.0591603
0.0591534
0.0591492
0.0591426
0.0591411
0.0591333
0.0591246
0.0591206
0.0591125
0.0591036
0.0590955
0.0590884
0.0590841
0.0590813
0.0590726
0.0590645
0.0590575
0.0590502
0.0590456
0.0590392
0.0590336
0.0590249
0.0590152
0.0590078
0.0590015
0.0589933
0.0589879
0.0589847
0.0589815
0.0589747
0.0589726
0.0589691
0.0589651
0.0589596
0.0589547
0.0589486
0.0589419
0.0589365
0.0589324
0.0589285
0.0589241
0.0589196
0.0589157
0.0589151
0.0589163
0.0589085
0.0589031
0.0588944
0.0588915
0.0588872
0.0588832
0.0588776
0.0588716
0.0588676
0.0588622
0.0588569
0.05885
0.0588445
0.0588385
0.0588317
0.0588286
0.0588228
0.0588184
0.058816
0.0588123
0.0588059
0.0588025
0.0587991
0.0587949
0.0587926
0.0587848
0.0587815
0.0587792
0.0587755
0.0587698
0.0587645
0.0587592
0.0587563
0.0587492
0.0587457
0.0587396
0.0587357
0.0587327
0.0587295
0.0587246
0.058723
0.0587174
0.058709
0.0587053
0.0587029
0.0587008
0.0586965
0.0586942
0.0586876
0.0586854
0.0586845
0.0586805
0.0586769
0.058671
0.0586662
0.0586623
0.0586617
0.0586592
0.0586563
0.0586523
0.058649
0.0586444
0.0586412
0.0586345
0.0586304
0.0586281
0.058623
0.0586198
0.0586174
0.0586134
0.0586086
0.0586039
0.0586012
0.0585972
0.0585921
0.0585907
0.058587
0.058585
0.0585807
0.0585778
0.0585744
0.0585715
0.0585688
0.0585648
0.0585653
0.0585622
0.0585576
0.0585527
0.058549
0.0585483
0.0585457
0.0585452
0.0585424
0.0585427
0.0585397
0.0585378
0.0585346
0.0585325
0.0585316
0.0585294
0.0585256
0.0585233
0.0585226
0.0585196
0.0585171
0.0585126
0.0585107
0.0585065
0.0585045
0.0585046
0.0585013
0.0584963
0.0584952
0.0584936
0.0584892
0.0584851
0.0584815
0.0584789
0.0584774
0.058475
0.0584722
0.05847
0.0584669
0.0584669
0.0584657
0.0584641
0.0584612
0.0584587
0.0584564
0.0584544
0.0584524
0.0584492
0.0584471
0.0584456
0.058444
0.0584436
0.0584403
0.0584376
0.0584355
0.0584349
0.058435
0.058432
0.0584312
0.058429
0.0584272
0.058424
0.0584221
0.0584211
0.0584205
0.0584198
0.0584188
0.0584165
0.0584158
0.0584135
0.058411
0.0584086
0.0584077
0.0584049
0.0584052
0.0584028
0.0584007
0.0583976
0.0583967
0.0583957
0.058395
0.0583941
0.0583939
0.0583919
0.0583904
0.0583905
0.05839
0.0583899
0.0583875
0.0583871
0.0583836
0.0583822
0.0583793
0.0583776
0.0583756
0.0583744
0.0583726
0.0583717
0.0583694
0.058368
0.058367
0.0583659
0.0583638
0.0583605
0.0583577
0.0583586
0.0583573
0.058357
0.058354
0.058351
0.0583488
0.058345
0.0583434
0.0583411
0.0583393
0.0583371
0.0583344
0.0583341
0.0583318
0.05833
0.05833
0.0583276
0.0583269
0.058325
0.0583241
0.0583224
0.0583231
0.0583209
0.0583197
0.0583189
0.0583167
0.0583144
0.0583135
0.0583138
0.0583108
0.0583084
0.0583078
0.0583062
0.0583053
0.058304
0.0583018
0.0582988
0.0582972
0.0582951
0.0582948
0.0582943
0.0582931
0.0582913
0.0582904
0.0582899
0.0582879
0.0582862
0.0582831
0.0582822
0.0582817
0.0582805
0.0582794
0.0582788
0.0582773
0.0582744
0.0582739
0.0582725
0.0582714
0.0582694
0.0582689
0.0582657
0.0582652
0.0582625
0.0582606
0.0582587
0.0582574
0.0582563
0.0582551
0.0582544
0.0582523
0.0582502
0.0582503
0.0582502
0.0582484
0.0582468
0.0582458
0.0582441
0.0582431
0.0582417
0.05824
0.0582389
0.0582373
0.0582368
0.0582346
0.0582332
0.0582321
0.05823
0.0582285
0.0582289
0.0582276
0.0582282
0.0582259
0.0582252
0.0582228
0.0582232
0.0582215
0.0582187
0.0582168
0.0582154
0.0582139
0.0582151
0.0582143
0.0582135
0.058214
