0.297612
0.170101
0.13232
0.112768
0.103064
0.09627
0.0917015
0.0875469
0.0847934
0.0824915
0.080636
0.0788133
0.0774044
0.0761202
0.0748924
0.0739188
0.0730542
0.0723894
0.0716963
0.0711287
0.0705681
0.0700861
0.0696824
0.0692484
0.0688805
0.0685415
0.068183
0.067924
0.0676586
0.0673919
0.0671354
0.066926
0.0667664
0.066575
0.0664038
0.06623
0.0660771
0.065968
0.0658267
0.0656881
0.0655528
0.0654676
0.0653377
0.0652125
0.0651068
0.0649782
0.0648691
0.0647612
0.0646549
0.0645367
0.0644419
0.0643394
0.0642381
0.0641581
0.0640799
0.0639982
0.0639443
0.0638794
0.0638047
0.0637487
0.0636729
0.0635978
0.0635381
0.0634932
0.0634293
0.0633718
0.0633127
0.0632718
0.0632276
0.0631787
0.0631244
0.0630895
0.0630493
0.0630065
0.0629548
0.0629116
0.062869
0.0628357
0.0627885
0.0627462
0.0627122
0.0626821
0.0626523
0.0626202
0.06258
0.0625483
0.0625062
0.062479
0.0624468
0.0624232
0.0623975
0.0623728
0.0623524
0.0623356
0.0623183
0.0622996
0.0622817
0.0622679
0.062247
0.0622256
0.0621987
0.0621774
0.0621624
0.062142
0.0621267
0.0621004
0.0620796
0.0620625
0.0620425
0.0620245
0.0620082
0.0619905
0.061973
0.0619561
0.061947
0.0619397
0.0619178
0.0619009
0.0618857
0.0618708
0.0618541
0.0618401
0.0618221
0.0618098
0.0617965
0.0617846
0.0617677
0.0617519
0.0617393
0.0617273
0.0617094
0.0617038
0.0616994
0.0616965
0.0616823
0.0616653
0.0616497
0.0616387
0.061628
0.061616
0.0616067
0.0615957
0.0615793
0.0615671
0.0615523
0.0615361
0.0615274
0.0615189
0.0615088
0.0614983
0.061488
0.0614788
0.0614712
0.0614648
0.061461
0.0614536
0.0614467
0.0614364
0.0614331
0.061427
0.0614187
0.0614087
0.0614028
0.0613942
0.0613839
0.0613724
0.0613673
0.0613607
0.0613514
0.0613416
0.0613333
0.0613307
0.0613209
0.0613114
0.0613021
0.0612948
0.0612858
0.0612815
0.0612765
0.0612685
0.0612573
0.061252
0.0612425
0.0612361
0.0612282
0.0612237
0.0612163
0.0612126
0.0612096
0.0612067
0.0612002
0.061197
0.0611924
0.0611869
0.0611826
0.061173
0.0611688
0.0611668
0.0611598
0.061153
0.0611488
0.0611407
0.061132
0.0611291
0.0611206
0.061112
0.0611102
0.0611115
0.0611042
0.061098
0.0610971
0.0610904
0.061088
0.0610823
0.0610791
0.0610761
0.0610674
0.061064
0.0610616
0.0610587
0.0610555
0.0610516
0.0610459
0.0610431
0.0610391
0.0610338
0.0610298
0.061025
0.0610218
0.0610177
0.0610147
0.0610105
0.0610067
0.0610016
0.0609977
0.0609982
0.0609926
0.0609876
0.0609805
0.060975
0.0609718
0.0609699
0.0609642
0.0609593
0.0609567
0.0609545
0.0609505
0.0609461
0.0609438
0.0609388
0.0609313
0.0609275
0.0609227
0.0609207
0.0609194
0.0609159
0.0609111
0.0609079
0.0609048
0.0608985
0.0608948
0.0608895
0.060882
0.06088
0.0608764
0.0608713
0.0608696
0.0608685
0.0608632
0.0608595
0.0608575
0.0608535
0.0608484
0.0608466
0.0608442
0.060843
0.0608393
0.0608356
0.060833
0.0608326
0.0608317
0.0608286
0.0608238
0.0608231
0.0608194
0.0608158
0.0608119
0.0608093
0.0608047
0.0607995
0.060794
0.0607916
0.0607866
0.0607828
0.0607774
0.0607738
0.0607696
0.0607674
0.0607641
0.0607611
0.0607581
0.0607544
0.0607512
0.0607476
0.0607454
0.0607422
0.0607413
0.0607403
0.0607386
0.0607355
0.060732
0.0607297
0.0607282
0.0607282
0.0607251
0.0607234
0.0607218
0.0607188
0.0607156
0.0607131
0.06071
0.0607077
0.0607045
0.0607004
0.0606984
0.0606953
0.0606935
0.0606932
0.0606902
0.0606881
0.0606854
0.0606836
0.0606795
0.0606767
0.0606753
0.0606735
0.0606715
0.0606698
0.0606681
0.0606661
0.0606659
0.060663
0.0606614
0.0606602
0.0606561
0.0606531
0.0606501
0.0606461
0.0606461
0.0606455
0.0606453
0.0606434
0.0606419
0.0606406
0.0606395
0.0606373
0.0606368
0.060637
0.0606341
0.0606328
0.0606303
0.0606326
0.0606281
0.060626
0.0606237
0.0606226
0.0606207
0.0606192
0.0606181
0.0606168
0.0606162
0.0606158
0.0606141
0.0606133
0.0606115
0.0606105
0.0606062
0.060604
0.0606037
0.0606
0.060597
0.0605969
0.0605975
0.0605974
0.0605968
0.0605946
0.0605932
0.060591
0.0605885
0.0605865
0.060584
0.060582
0.0605814
0.0605806
0.0605801
0.0605797
0.0605804
0.0605789
0.0605761
0.0605754
0.0605752
0.0605745
0.0605743
0.0605734
0.0605722
0.0605704
0.0605706
0.0605693
0.0605674
0.0605682
0.0605673
0.0605659
0.0605654
0.0605634
0.0605621
0.0605607
0.0605604
0.0605591
0.0605581
0.0605569
0.060556
0.0605557
0.060555
0.0605537
0.0605536
0.0605546
0.060554
0.0605536
0.0605518
0.0605512
0.0605504
0.060548
0.0605471
0.0605465
0.0605443
0.0605426
0.0605418
0.06054
0.0605391
0.0605392
0.0605386
0.0605374
0.060536
0.0605343
0.0605324
0.0605318
0.060531
0.0605296
0.0605307
0.0605294
0.0605272
0.0605257
0.0605235
0.0605217
0.0605208
0.0605193
0.0605177
0.060517
0.0605161
0.060515
0.0605142
0.0605125
0.0605104
0.0605081
0.0605069
0.060506
0.0605031
0.0605024
0.0605014
0.0605012
0.0604998
0.060498
0.0604962
0.0604966
0.0604948
0.0604943
0.0604947
0.0604933
0.0604927
0.0604921
0.0604901
0.0604895
0.0604881
0.0604874
0.0604859
0.0604832
0.0604825
0.0604809
0.0604786
0.0604769
0.0604755
0.0604744
0.0604722
0.0604714
0.06047
0.0604694
0.0604709
0.0604708
0.0604702
0.0604706
0.0604702
0.060468
0.060466
0.0604641
0.060464
0.0604664
0.0604656
0.0604636
0.0604622
0.0604616
0.0604615
0.0604608
0.0604576
0.0604573
0.0604544
0.0604533
0.0604532
0.0604521
0.060451
0.0604507
0.0604493
0.0604478
0.0604455
0.0604455
0.0604436
0.0604429
0.0604415
0.0604411
0.0604419
0.060441
0.0604382
0.060437
0.0604363
0.0604352
0.060434
0.0604333
0.060432
0.0604316
0.0604318
0.0604311
0.0604297
0.0604272
0.0604247
0.0604252
0.0604248
0.0604241
0.0604228
0.060423
0.0604228
0.0604225
0.0604219
0.0604215
0.0604197
0.0604186
0.0604156
0.0604145
0.0604123
0.0604103
0.0604104
0.0604098
0.0604085
0.0604075
0.0604077
0.0604064
0.0604054
0.0604058
0.0604042
0.0604029
0.060401
0.0603999
0.0603999
0.0603996
0.0603988
0.0603982
0.0603971
0.0603967
0.0603959
0.0603957
0.0603947
0.0603939
0.0603931
0.0603933
0.0603935
0.0603942
0.0603937
0.060393
0.0603931
0.060392
0.0603904
0.0603893
0.0603879
0.0603881
0.0603871
0.0603871
0.060386
0.0603852
0.0603849
0.0603846
0.0603834
0.0603829
0.0603822
0.0603814
0.0603807
0.0603804
0.0603797
0.0603786
0.0603784
0.0603778
0.0603776
0.0603765
0.060376
0.0603759
0.0603752
0.0603745
0.0603732
0.0603721
0.0603726
0.0603728
0.0603719
0.0603717
0.0603723
0.0603711
0.0603707
0.0603722
0.0603726
0.0603726
0.0603722
0.0603727
0.060372
0.0603717
0.060371
0.0603711
0.06037
0.0603689
0.0603682
0.0603675
0.0603665
0.0603665
0.0603659
0.0603638
0.060363
0.0603611
0.0603589
0.0603568
0.0603562
0.0603556
0.0603547
0.0603538
0.0603535
0.0603514
0.060351
0.0603519
0.0603517
0.0603499
0.0603498
0.0603503
0.0603497
0.0603488
0.0603474
0.0603476
0.0603465
0.0603462
0.0603453
0.0603458
0.0603451
0.0603441
0.0603426
0.0603423
0.0603417
0.0603401
0.0603392
0.0603384
0.0603382
0.0603384
0.0603383
0.0603376
0.0603381
0.0603377
0.0603361
0.0603355
0.0603361
0.0603355
0.0603353
0.0603349
0.0603349
0.0603343
0.0603339
0.0603325
0.0603313
0.0603321
0.0603313
0.0603308
0.0603308
0.0603305
0.0603303
0.060329
0.0603282
0.0603274
0.0603269
0.0603267
0.0603267
0.0603261
0.060325
0.0603245
0.0603242
0.0603233
0.0603231
0.0603223
0.0603226
0.0603223
0.0603221
0.0603216
0.0603227
0.0603228
0.0603224
0.0603221
0.0603211
0.0603205
0.060319
0.0603187
0.060319
0.0603178
0.0603179
0.0603177
0.0603171
0.0603178
0.0603184
0.060318
0.060317
0.0603149
0.0603148
0.0603134
0.0603129
0.0603126
0.0603116
0.0603115
0.060311
0.0603101
0.0603096
0.0603091
0.0603079
0.060308
0.0603071
0.0603063
0.060307
0.0603057
0.0603059
0.0603053
0.0603052
0.0603052
0.0603053
0.0603054
0.0603038
0.0603039
0.0603042
0.0603041
0.0603031
0.0603019
0.0603012
0.0603018
0.0603022
0.0603008
0.0602999
0.0602992
0.0602993
0.0602996
0.0602992
0.0602983
0.0602982
0.0602972
0.0602964
0.0602961
0.0602949
0.0602951
0.0602946
0.0602941
0.0602936
0.0602938
0.0602936
0.0602932
0.0602927
0.0602924
0.0602925
0.0602911
0.0602911
0.0602915
0.0602899
0.0602903
0.0602903
0.0602896
0.0602887
0.0602888
0.0602878
0.0602885
0.0602884
0.0602875
0.0602869
0.060286
0.0602859
0.060286
0.0602852
0.0602849
0.0602854
0.060286
0.0602859
0.0602849
0.0602844
0.060284
0.0602834
0.0602838
0.0602832
0.0602824
0.0602823
0.0602821
0.0602807
0.0602805
0.0602794
0.060279
0.0602784
0.0602784
0.0602778
0.0602774
0.0602771
0.0602764
0.0602761
0.0602753
0.0602751
0.0602748
0.0602742
0.0602741
0.0602729
0.060272
0.0602714
0.0602712
0.0602702
0.0602697
0.0602694
0.0602692
0.0602686
0.0602683
0.0602683
0.0602675
0.0602667
0.0602668
0.0602663
0.0602657
0.0602654
0.0602647
0.0602648
0.0602642
0.0602636
0.0602637
0.0602626
0.0602621
0.0602621
0.060262
0.0602618
0.0602611
0.0602622
0.0602614
0.0602602
0.0602606
0.0602611
0.0602605
0.0602605
0.0602608
0.0602596
0.0602589
0.0602593
0.0602594
0.06026
0.0602601
0.0602598
0.0602592
0.0602586
0.060258
0.0602579
0.0602571
0.0602571
0.0602561
0.0602559
0.0602556
0.0602545
0.0602541
0.0602533
0.0602526
0.060252
0.0602522
0.0602523
0.0602519
0.0602511
0.0602509
0.0602501
0.0602501
0.0602494
0.0602484
0.060248
0.0602476
0.0602477
0.0602481
0.0602475
0.0602473
0.0602461
0.060245
0.060245
0.060245
0.060245
0.0602444
0.0602439
0.0602432
0.0602425
0.0602428
0.0602425
0.0602421
0.0602418
0.0602408
0.0602415
0.0602414
0.0602412
0.060241
0.0602401
0.0602404
0.0602399
0.0602388
0.0602392
0.060239
0.0602394
0.0602383
0.0602373
0.0602366
0.0602363
0.0602367
0.0602373
0.0602371
0.0602368
0.0602371
0.0602374
0.0602375
0.0602371
0.0602363
0.0602361
0.0602361
0.0602354
0.0602348
0.0602341
0.0602338
0.060234
0.0602336
0.0602331
0.0602332
0.0602327
0.0602336
0.0602337
0.0602335
0.0602332
0.0602331
0.0602333
0.0602333
0.0602329
0.0602327
0.0602333
0.0602334
0.0602331
0.0602332
0.0602327
0.0602326
0.0602324
0.0602319
0.0602303
0.0602301
0.0602296
0.0602293
0.0602293
0.0602294
0.0602298
0.0602295
0.0602293
0.0602293
0.060229
0.0602282
0.0602282
0.0602275
0.0602272
0.0602276
0.0602269
0.0602272
0.0602266
0.0602268
0.0602258
0.0602253
0.0602252
0.060225
0.0602243
0.0602243
0.0602246
0.0602255
0.0602256
0.0602255
0.0602255
0.0602254
0.0602255
0.0602253
0.0602253
0.060225
0.060225
0.0602245
0.0602239
0.0602232
0.0602234
0.0602232
0.0602231
0.0602227
0.0602231
0.0602229
0.0602232
0.0602229
0.0602234
0.0602227
0.0602225
0.0602217
0.0602215
0.0602212
0.0602207
0.0602198
0.0602201
0.0602196
0.0602191
0.0602191
0.0602183
0.0602176
0.0602174
0.0602179
0.060218
0.0602178
0.0602179
0.0602175
0.0602166
0.0602168
0.0602168
0.0602166
0.0602172
0.0602171
0.0602175
0.0602177
0.0602178
0.060218
0.0602182
0.0602183
0.0602184
0.0602178
0.0602181
0.0602176
0.0602171
0.0602168
0.060216
0.0602164
0.0602158
0.0602157
0.0602151
0.0602153
0.0602158
0.0602159
0.0602163
0.0602166
0.0602168
0.0602163
0.0602161
0.0602159
0.0602158
0.0602152
0.0602144
0.0602132
0.0602126
0.0602122
0.0602121
0.060212
0.0602123
0.0602112
0.060211
0.0602108
0.0602103
0.0602101
0.0602093
0.0602094
0.0602091
0.0602093
0.0602091
0.0602094
0.0602088
0.0602086
0.0602086
0.0602086
0.060208
0.0602079
0.0602089
0.0602089
0.0602086
0.0602088
0.060208
0.0602076
0.060207
0.0602063
0.0602068
0.0602064
0.0602065
0.0602066
0.0602061
0.0602059
0.0602054
0.0602052
0.0602051
0.0602042
0.0602037
0.0602037
0.0602037
0.0602031
0.0602028
0.0602021
0.0602023
0.0602019
0.0602018
0.0602015
0.0602017
0.0602017
0.0602017
0.0602015
0.060201
0.0602008
0.0602008
0.0602006
0.0602007
0.0602
0.0602001
0.0601998
0.0601991
0.0601986
0.0601982
0.0601985
0.0601983
0.0601974
0.0601969
0.0601972
0.0601963
0.0601956
0.0601949
0.0601952
0.0601956
0.0601955
0.0601951
0.0601947
0.0601944
0.0601938
0.0601933
0.0601929
0.0601925
0.0601929
0.060193
0.0601926
0.0601925
0.0601926
0.0601924
0.0601929
0.0601928
0.0601925
0.0601919
0.060192
0.0601918
0.0601917
0.0601913
0.0601911
0.0601908
0.0601909
0.0601913
0.0601912
0.0601916
0.0601915
0.0601913
0.0601911
0.0601907
0.0601902
0.0601899
0.0601903
0.0601903
0.0601894
0.0601898
0.0601892
0.0601889
0.0601886
0.0601887
0.0601884
0.060188
0.0601877
0.0601879
0.0601873
0.060187
0.0601868
0.0601874
0.0601874
0.0601871
0.0601869
0.0601867
0.0601861
0.0601859
0.0601858
0.0601852
0.0601851
0.0601854
0.060185
0.0601841
0.0601838
0.0601835
0.0601829
0.0601825
0.0601825
0.0601823
0.0601817
0.0601821
0.0601812
0.0601817
0.0601817
0.060182
0.060181
0.0601801
0.0601805
0.0601796
0.0601792
0.0601786
0.0601783
0.060178
0.0601779
0.0601779
0.0601779
0.0601781
0.0601773
0.0601769
0.0601771
0.0601774
0.060177
0.0601766
0.0601761
0.0601764
0.0601765
0.0601766
0.0601766
0.0601769
0.0601765
0.0601758
0.0601755
0.0601757
0.060175
0.0601746
0.0601747
0.0601744
0.0601745
0.0601742
0.0601736
0.0601736
0.060174
0.0601737
0.0601733
0.0601731
0.0601732
0.0601726
0.0601727
0.0601726
0.0601725
0.0601726
0.0601731
0.0601726
0.0601728
0.0601725
0.0601721
0.0601715
0.0601713
0.0601713
0.0601715
0.0601715
0.0601711
0.0601708
0.0601711
0.0601706
0.0601712
0.0601706
0.0601704
0.0601706
0.0601706
0.0601707
0.0601707
0.0601709
0.060171
0.0601708
0.0601704
0.0601705
0.0601704
0.0601706
0.0601704
0.0601702
0.0601699
0.0601697
0.0601698
0.0601692
0.0601688
0.0601682
0.0601685
0.0601685
0.060168
0.0601681
0.0601682
0.060168
0.060168
0.0601677
0.0601683
0.0601683
0.0601683
0.0601684
0.0601683
0.0601688
0.0601687
0.0601684
0.0601682
0.060169
0.0601687
0.0601684
0.0601678
0.0601675
0.0601677
0.0601675
0.0601675
0.060167
0.0601673
0.0601673
0.0601674
0.0601674
0.0601668
0.0601665
0.0601668
0.0601665
0.0601667
0.0601662
0.0601663
0.0601661
0.060166
0.0601656
0.0601651
0.0601646
0.0601638
0.0601637
0.0601631
0.0601629
0.060163
0.0601634
0.0601631
0.0601628
0.0601629
0.0601626
0.0601627
0.0601627
0.0601633
0.0601637
0.0601634
0.0601629
0.0601625
0.0601626
0.060162
0.0601621
0.0601619
0.0601618
0.0601615
0.0601615
0.0601616
0.0601615
0.0601613
0.0601618
0.0601612
0.060161
0.0601607
0.0601603
0.0601603
0.0601599
0.0601598
0.0601601
0.0601599
0.0601596
0.0601599
0.0601595
0.0601599
0.0601598
0.0601599
0.0601599
0.0601596
0.0601594
0.0601592
0.0601595
0.060159
0.0601587
0.0601586
0.0601585
0.0601585
0.0601584
0.0601579
0.0601581
0.0601576
0.0601577
0.0601575
0.0601572
0.0601568
0.0601568
0.0601569
0.060157
0.0601567
0.0601566
0.0601566
0.060156
0.0601562
0.0601571
0.0601569
0.0601565
0.0601564
0.060156
0.0601564
0.0601566
0.0601565
0.0601563
0.0601561
0.0601561
0.0601563
0.0601562
0.0601562
0.0601563
0.0601555
0.0601552
0.060155
0.0601549
0.0601548
0.0601544
0.0601545
0.060154
0.0601535
0.0601535
0.0601534
0.0601535
0.0601532
0.0601533
0.0601532
0.0601531
0.0601532
0.0601532
0.0601531
0.060153
0.0601527
0.0601523
0.0601519
0.0601517
0.0601512
0.0601516
0.0601511
0.060151
0.0601514
0.0601511
0.0601508
0.0601505
0.0601506
0.0601511
0.0601511
0.0601511
0.060151
0.0601515
0.0601516
0.0601511
0.0601512
0.0601515
0.0601512
0.0601518
0.060151
0.0601504
0.0601502
0.0601501
0.06015
0.06015
0.0601501
0.0601499
0.0601499
0.0601494
0.0601494
0.0601491
0.0601492
0.0601485
0.0601485
0.0601484
0.0601483
0.0601482
0.0601483
0.0601484
0.0601482
0.060148
0.0601485
0.0601478
0.0601474
0.0601468
0.0601466
0.0601467
0.0601463
0.0601469
0.0601467
0.0601468
0.0601466
0.0601463
0.060146
0.0601459
0.0601456
0.0601458
0.0601457
0.0601456
0.0601451
0.0601446
0.0601444
0.0601444
0.0601445
0.0601443
0.0601446
0.0601445
0.0601442
0.0601437
0.0601434
0.0601428
0.0601426
0.0601426
0.0601428
0.0601426
0.0601423
0.0601419
0.0601417
0.0601415
0.0601416
0.0601414
0.0601409
0.0601406
0.0601408
0.0601401
0.0601398
0.0601397
0.0601397
0.0601398
0.06014
0.0601396
0.0601395
0.0601391
0.060139
0.0601392
0.0601394
0.0601397
0.0601398
0.06014
0.0601397
0.0601396
0.0601398
0.0601398
0.0601397
0.0601395
0.0601394
0.0601397
0.0601394
0.0601391
0.0601388
0.0601388
0.0601385
0.0601379
0.0601377
0.0601377
0.0601374
0.0601374
0.0601372
0.060137
0.0601371
0.060137
0.060137
0.0601375
0.0601376
0.060137
0.060137
0.060137
0.0601371
0.060137
0.060137
0.0601364
0.0601366
0.0601364
0.060136
0.0601358
0.0601359
0.060136
0.0601358
0.0601358
0.0601358
0.0601357
0.0601358
0.060136
0.0601356
0.0601359
0.0601357
0.0601355
0.0601351
0.0601349
0.0601356
0.0601359
0.0601357
0.0601354
0.0601357
0.0601358
0.0601357
0.0601355
0.0601358
0.0601354
0.0601357
0.0601353
0.0601348
0.0601347
0.0601348
0.0601343
0.0601346
0.0601349
0.0601347
0.0601345
0.0601346
0.0601348
0.0601346
0.0601346
0.0601344
0.0601345
0.0601342
0.0601337
0.0601336
0.0601336
0.0601338
0.060134
0.0601333
0.0601337
0.0601335
0.0601335
0.060134
0.0601339
0.0601337
0.0601342
0.0601345
0.060134
0.0601338
0.0601338
0.0601338
0.0601339
0.0601338
0.0601337
0.0601336
0.0601335
0.0601333
0.0601329
0.0601328
0.0601324
0.0601326
0.0601322
0.0601325
0.0601321
0.0601321
0.0601318
0.0601315
0.0601313
0.0601312
0.0601311
0.0601309
0.0601308
0.0601307
0.0601308
0.0601304
0.06013
0.0601296
0.0601292
0.060129
0.0601294
0.0601288
0.0601285
0.0601289
0.0601285
0.0601282
0.060128
0.060128
0.0601282
0.0601281
0.0601279
0.0601277
0.060128
0.0601277
0.060127
0.0601266
0.0601267
0.0601265
0.0601259
0.0601255
0.0601255
0.0601256
0.0601252
0.0601254
0.0601252
0.0601253
0.0601254
0.0601255
0.0601255
0.0601251
0.0601248
0.0601249
0.0601245
0.0601244
0.0601243
0.060124
0.060124
0.0601238
0.0601234
0.0601234
0.0601235
0.0601234
0.0601232
0.0601233
0.0601234
0.0601231
0.0601233
0.0601233
0.0601235
0.0601232
0.060123
0.0601227
0.0601224
0.0601223
0.0601227
0.0601224
0.0601223
0.0601223
0.0601225
0.0601224
0.0601224
0.0601226
0.0601223
0.0601224
0.0601226
0.0601227
0.060123
0.060123
0.0601229
0.0601227
0.0601225
0.0601221
0.0601218
0.0601215
0.0601214
0.0601209
0.0601206
0.0601205
0.0601203
0.0601203
0.0601201
0.0601197
0.0601198
0.0601199
0.0601195
0.0601197
0.0601195
0.0601194
0.0601193
0.0601192
0.0601191
0.0601193
0.0601195
0.0601192
0.0601189
0.060119
0.0601187
0.0601188
0.0601189
0.0601192
0.0601194
0.0601196
0.0601193
0.0601188
0.0601189
0.0601192
0.0601195
0.0601193
0.0601194
0.060119
0.0601192
0.060119
0.0601185
0.0601184
0.0601181
0.0601183
0.0601184
0.0601183
0.0601181
0.0601184
0.0601182
0.0601177
0.0601177
0.0601175
0.0601172
0.060117
0.0601167
0.0601167
0.0601168
0.0601165
0.0601162
0.0601161
0.0601163
0.0601162
0.0601158
0.0601161
0.0601159
0.0601158
0.0601156
0.0601155
0.0601154
0.0601154
0.0601155
0.0601157
0.0601157
0.0601156
0.0601154
0.0601153
0.0601147
0.0601148
0.0601145
0.0601141
0.0601144
0.0601143
0.0601143
0.0601142
0.0601144
0.0601146
0.0601142
0.0601143
0.0601145
0.0601145
0.0601144
0.0601142
0.0601144
0.0601145
0.0601143
0.0601143
0.0601137
0.0601139
0.0601137
0.0601134
0.0601132
0.0601131
0.0601128
0.060113
0.0601127
0.0601124
0.060112
0.0601119
0.0601122
0.060112
0.0601122
0.0601123
0.060112
0.0601121
0.0601122
0.0601122
0.0601121
0.0601121
0.0601126
0.0601123
0.0601126
0.0601122
0.060112
0.0601118
0.0601119
0.0601118
0.0601119
0.0601121
0.060112
0.060112
0.0601123
0.0601126
0.0601123
0.0601126
0.0601127
0.0601128
0.0601129
0.0601129
0.0601128
0.060113
0.0601132
0.0601131
0.0601132
0.0601135
0.0601131
0.0601129
0.0601127
0.0601128
0.060113
0.0601128
0.0601127
0.0601126
0.0601127
0.0601127
0.0601124
0.0601123
0.0601121
0.060112
0.0601118
0.0601117
0.0601118
0.0601117
0.0601118
0.0601116
0.0601113
0.060111
0.0601107
0.0601106
0.0601108
0.0601104
0.0601102
0.06011
0.0601095
0.0601098
0.0601095
0.0601094
0.0601097
0.0601096
0.0601095
0.0601094
0.0601092
0.0601093
0.0601094
0.0601094
0.0601094
0.0601088
0.0601087
0.0601087
0.0601082
0.0601079
0.0601075
0.0601076
0.0601076
0.0601074
0.0601076
0.0601077
0.0601076
0.060108
0.0601077
0.0601074
0.0601075
0.0601071
0.0601068
0.0601068
0.0601068
0.0601066
0.0601066
0.0601068
0.0601071
0.0601069
0.0601068
0.0601068
0.0601069
0.0601071
0.0601068
0.0601067
0.0601068
0.0601066
0.0601068
0.060107
0.0601072
0.0601068
0.0601069
0.0601065
0.0601069
0.0601065
0.0601067
0.0601064
0.0601063
0.0601063
0.060106
0.060106
0.0601058
0.0601058
0.0601059
0.0601061
0.0601062
0.0601062
0.0601057
0.0601056
0.0601057
0.0601056
0.0601058
0.0601058
0.0601059
0.0601059
0.060106
0.0601058
0.0601056
0.0601054
0.0601054
0.0601057
0.0601057
0.0601054
0.0601054
0.0601056
0.0601054
0.0601056
0.0601054
0.0601055
0.0601053
0.0601053
0.0601052
0.060105
0.0601047
0.0601047
0.0601043
0.0601041
0.060104
0.0601038
0.0601039
0.0601037
0.0601041
0.0601038
0.060104
0.0601041
0.0601042
0.0601044
0.0601042
0.0601037
0.0601038
0.0601038
0.0601036
0.0601035
0.0601036
0.0601036
0.0601036
0.0601033
0.0601033
0.0601033
0.0601031
0.0601027
0.0601023
0.060102
0.0601019
0.060102
0.0601017
0.0601015
0.0601015
0.0601015
0.0601017
0.0601011
0.0601009
0.0601008
0.0601006
0.0601004
0.0601005
0.0601005
0.0601004
0.0601003
0.0601003
0.0600999
0.0600999
0.0600999
0.0601
0.0601002
0.0601
0.0600999
0.0600995
0.060099
0.0600992
0.0600992
0.060099
0.0600991
0.0600994
0.0600992
0.0600991
0.0600989
0.0600984
0.060098
0.060098
0.0600981
0.060098
0.0600983
0.0600983
0.0600983
0.0600984
0.0600986
0.0600988
0.060099
0.060099
0.0600987
0.0600988
0.060099
0.0600987
0.0600984
0.0600981
0.0600981
0.060098
0.060098
0.0600982
0.0600979
0.0600979
0.0600978
0.0600979
0.0600975
0.0600972
0.0600972
0.060097
0.0600969
0.0600965
0.0600964
0.0600965
0.0600961
0.0600959
0.0600957
0.0600956
0.0600954
0.0600954
0.0600955
0.060096
0.0600959
0.0600958
0.0600961
0.0600959
0.0600954
0.0600954
0.0600956
0.0600956
0.0600955
0.0600955
0.0600954
0.0600955
0.0600957
0.0600954
0.0600952
0.0600955
0.0600956
0.0600957
0.0600957
0.0600958
0.0600957
0.0600958
0.0600957
0.0600955
0.0600955
0.0600955
0.0600954
0.0600954
0.0600953
0.0600952
0.0600952
0.0600952
0.0600952
0.0600952
0.0600951
0.0600951
0.0600953
0.0600953
0.0600955
0.0600954
0.0600952
0.0600954
0.0600953
0.0600948
0.0600948
0.0600949
0.0600948
0.0600949
0.0600948
0.0600946
0.0600947
0.0600945
0.0600943
0.0600941
0.0600939
0.0600939
0.0600935
0.0600932
0.0600932
0.0600935
0.0600933
0.0600933
0.0600928
0.0600929
0.0600931
0.0600929
0.060093
0.0600932
0.0600936
0.0600937
0.0600936
0.0600933
0.0600934
0.0600931
0.0600932
0.0600935
0.0600936
0.0600937
0.0600933
0.0600932
0.060093
0.0600929
0.060093
0.060093
0.0600928
0.0600926
0.0600924
0.060092
0.0600921
0.060092
0.0600922
0.0600922
0.0600925
0.0600921
0.060092
0.0600922
0.0600925
0.060092
0.0600918
0.0600917
0.0600918
0.0600918
0.0600918
0.0600919
0.0600915
0.0600916
0.0600914
0.0600912
0.0600912
0.0600911
0.0600914
0.0600915
0.0600916
0.0600914
0.0600916
0.0600915
0.0600911
0.0600917
0.0600915
0.0600912
0.060091
0.0600914
0.0600916
0.0600919
0.0600915
0.0600913
0.0600911
0.0600911
0.0600912
0.0600911
0.0600911
0.0600911
0.0600911
0.0600911
0.0600911
0.0600913
0.0600913
0.0600913
0.0600914
0.0600911
0.0600911
0.0600909
0.0600907
0.0600907
0.0600908
0.0600907
0.060091
0.060091
0.060091
0.0600909
0.0600908
0.0600906
0.0600905
0.0600904
0.0600905
0.0600903
0.0600901
0.0600902
0.0600901
0.0600898
0.0600894
0.0600895
0.0600893
0.0600891
0.060089
0.0600889
0.060089
0.0600887
0.0600886
0.0600883
0.060088
0.060088
0.0600881
0.0600882
0.0600882
0.0600881
0.0600883
0.0600882
0.0600882
0.0600882
0.0600879
0.060088
0.0600878
0.0600878
0.060088
0.0600877
0.0600875
0.0600874
0.0600874
0.0600873
0.060087
0.0600867
0.0600864
0.0600866
0.0600866
0.0600867
0.0600869
0.0600871
0.0600871
0.0600872
0.0600872
0.0600873
0.0600876
0.0600874
0.0600876
0.0600872
0.0600873
0.060087
0.0600871
0.0600868
0.0600864
0.0600863
0.0600861
0.060086
0.0600862
0.0600864
0.0600863
0.0600864
0.0600865
0.0600865
0.0600866
0.0600863
0.0600864
0.0600865
0.0600864
0.0600862
0.0600861
0.0600861
0.060086
0.0600857
0.0600854
0.0600853
0.0600851
0.060085
0.0600851
0.0600848
0.0600848
0.0600846
0.0600843
0.060084
0.0600839
0.0600837
0.0600837
0.0600836
0.0600837
0.0600839
0.0600838
0.0600841
0.060084
0.060084
0.0600838
0.0600839
0.060084
0.0600844
0.0600841
0.0600842
0.0600841
0.060084
0.0600839
0.0600836
0.0600833
0.0600832
0.0600832
0.060083
0.0600829
0.0600827
0.0600828
0.0600829
0.0600828
0.0600827
0.0600825
0.0600824
0.0600822
0.0600822
0.0600822
0.0600825
0.0600824
0.0600823
0.0600827
0.0600825
0.0600826
0.0600827
0.0600825
0.0600823
0.0600824
0.0600822
0.0600823
0.0600819
0.0600817
0.0600815
0.0600817
0.060082
0.0600821
0.060082
0.0600815
0.0600811
0.060081
0.0600808
0.0600807
0.0600809
0.0600806
0.0600806
0.0600804
0.0600807
0.0600808
0.060081
0.0600812
0.060081
0.0600811
0.060081
0.0600808
0.0600804
0.0600805
0.0600804
0.0600804
0.0600805
0.0600805
0.0600803
0.0600801
0.06008
0.0600799
0.0600798
0.0600797
0.0600797
0.0600797
0.0600798
0.0600798
0.0600794
0.0600795
0.060079
0.0600789
0.0600789
0.060079
0.0600788
0.0600787
0.0600785
0.0600782
0.060078
0.0600777
0.0600779
0.0600776
0.0600777
0.0600781
0.0600779
0.0600775
0.0600777
0.0600777
0.0600776
0.0600777
0.0600776
0.0600777
0.060078
0.0600781
0.0600779
0.0600781
0.0600782
0.060078
0.0600779
0.060078
0.0600779
0.0600781
0.0600782
0.0600781
0.060078
0.0600779
0.060078
0.0600781
0.0600782
0.060078
0.060078
0.0600782
0.0600781
0.0600782
0.060078
0.0600779
0.0600779
0.0600779
0.060078
0.060078
0.0600778
0.0600778
0.0600776
0.0600775
0.0600776
0.0600776
0.0600775
0.0600776
0.0600775
0.0600777
0.0600775
0.0600777
0.0600776
0.0600775
0.0600773
0.0600774
0.0600772
0.060077
0.0600771
0.0600771
0.0600766
0.0600766
0.0600765
0.0600768
0.0600769
0.060077
0.0600768
0.0600766
0.0600765
0.0600765
0.0600765
0.0600766
0.0600768
0.0600769
0.0600768
0.0600768
0.0600765
0.0600763
0.0600762
0.0600759
0.0600757
0.0600759
0.060076
0.060076
0.060076
0.0600761
0.0600762
0.0600764
0.060076
0.060076
0.0600761
0.060076
0.0600759
0.0600762
0.0600762
0.0600761
0.0600763
0.0600762
0.060076
0.0600762
0.0600761
0.0600759
0.060076
0.0600761
0.0600761
0.0600764
0.0600765
0.0600763
0.0600763
0.0600764
0.0600764
0.0600764
0.0600764
0.0600763
0.0600763
0.0600765
0.0600765
0.0600765
0.0600764
0.0600765
0.0600767
0.0600769
0.060077
0.0600771
0.0600768
0.0600768
0.060077
0.0600771
0.060077
0.060077
0.0600771
0.060077
0.0600771
0.0600771
0.0600772
0.0600769
0.0600769
0.0600769
0.060077
0.0600767
0.0600765
0.0600764
0.0600762
0.0600762
0.0600761
0.060076
0.0600761
0.0600761
0.0600759
0.060076
0.060076
0.0600761
0.0600763
0.0600763
0.060076
0.0600759
0.0600759
0.0600756
0.0600754
0.0600754
0.0600752
0.0600751
0.0600752
0.0600754
0.060075
0.0600753
0.0600753
0.0600751
0.0600753
0.0600751
0.0600753
0.0600753
0.0600753
0.0600751
0.0600751
0.0600752
0.0600751
0.0600753
0.0600753
0.0600754
0.0600755
0.0600756
0.0600755
0.0600755
0.0600756
0.0600757
0.0600756
0.0600755
0.0600758
0.0600757
0.0600756
0.0600757
0.0600755
0.0600755
0.0600754
0.0600752
0.0600751
0.0600748
0.0600749
0.0600747
0.0600747
0.0600746
0.0600747
0.0600745
0.0600747
0.0600748
0.0600747
0.0600746
0.0600747
0.0600747
0.0600746
0.0600741
0.0600741
0.060074
0.0600739
0.0600737
0.0600737
0.0600737
0.060074
0.060074
0.0600739
0.0600742
0.0600739
0.0600739
0.0600739
0.0600741
0.0600742
0.060074
0.0600739
0.0600738
0.0600739
0.060074
0.0600741
0.0600741
0.0600739
0.0600736
0.0600734
0.0600733
0.060073
0.060073
0.060073
0.0600733
0.0600731
0.060073
0.0600729
0.0600727
0.0600726
0.0600724
0.0600724
0.0600723
0.0600721
0.0600719
0.0600718
0.0600718
0.0600717
0.0600717
0.0600717
0.0600717
0.0600716
0.0600715
0.0600715
0.0600715
0.0600715
0.0600713
0.0600715
0.0600713
0.0600713
0.0600713
0.0600712
0.0600713
0.0600713
0.0600714
0.0600714
0.0600712
0.0600713
0.0600712
0.0600712
0.0600711
0.0600711
0.0600713
0.0600715
0.0600714
0.0600714
0.0600711
0.0600711
0.060071
0.0600709
0.0600709
0.0600711
0.060071
0.0600711
0.0600708
0.0600708
0.0600707
0.0600709
0.0600708
0.0600708
0.0600706
0.0600709
0.060071
0.0600709
0.0600712
0.0600712
0.060071
0.0600709
0.0600709
0.0600706
0.0600709
0.0600707
0.0600706
0.0600703
0.0600702
0.0600703
0.0600702
0.0600701
0.0600701
0.06007
0.0600701
0.06007
0.0600699
0.0600697
0.0600696
0.0600695
0.0600695
0.0600696
0.0600694
0.0600695
0.0600697
0.0600695
0.0600694
0.0600695
0.0600697
0.0600694
0.0600693
0.0600692
0.060069
0.0600688
0.0600688
0.0600686
0.0600686
0.0600685
0.0600687
0.0600689
0.0600688
0.0600687
0.0600686
0.0600688
0.060069
0.0600687
0.0600687
0.0600685
0.0600685
0.0600683
0.0600685
0.0600685
0.0600684
0.0600683
0.0600683
0.0600684
0.0600681
0.0600681
0.0600682
0.0600684
0.0600686
0.0600688
0.0600688
0.0600686
0.0600684
0.0600682
0.0600681
0.0600679
0.060068
0.0600679
0.0600681
0.0600682
0.0600684
0.060068
0.060068
0.060068
0.0600683
0.0600682
0.0600683
0.0600682
0.0600682
0.0600683
0.0600682
0.0600683
0.0600684
0.0600686
0.0600687
0.0600686
0.0600687
0.0600687
0.0600689
0.0600688
0.0600689
0.0600688
0.0600688
0.0600686
0.0600686
0.0600686
0.0600687
0.0600686
0.0600684
0.0600681
0.0600682
0.0600682
0.0600683
0.060068
0.0600678
0.0600678
0.0600679
0.0600679
0.060068
0.0600678
0.060068
0.0600678
0.0600676
0.0600675
0.0600674
0.0600675
0.0600677
0.0600675
0.0600675
0.0600673
0.0600672
0.0600671
0.0600669
0.0600672
0.0600671
0.0600669
0.0600669
0.0600671
0.0600669
0.0600668
0.0600668
0.0600669
0.0600669
0.0600669
0.060067
0.0600671
0.060067
0.0600671
0.060067
0.0600669
0.060067
0.0600668
0.0600667
0.0600667
0.0600666
0.0600668
0.0600666
0.0600666
0.0600667
0.0600669
0.0600667
0.0600666
0.0600665
0.0600664
0.0600665
0.0600664
0.0600664
0.0600665
0.0600663
0.0600663
0.0600664
0.0600664
0.0600663
0.0600663
0.0600661
0.0600658
0.0600659
0.0600658
0.0600658
0.0600656
0.0600658
0.0600662
0.0600662
0.0600662
0.060066
0.060066
0.060066
0.0600659
0.0600658
0.0600656
0.0600654
0.0600651
0.060065
0.0600651
0.0600649
0.0600649
0.0600652
0.0600651
0.060065
0.0600649
0.0600648
0.0600648
0.0600647
0.0600645
0.0600644
0.0600645
0.0600645
0.0600645
0.0600641
0.0600638
0.060064
0.0600641
0.0600639
0.060064
0.0600639
0.0600636
0.0600635
0.0600637
0.0600637
0.0600636
0.0600634
0.0600633
0.0600632
0.0600633
0.0600632
0.060063
0.0600629
0.0600629
0.0600631
0.0600631
0.0600631
0.060063
0.060063
0.0600628
0.0600628
0.0600629
0.0600631
0.060063
0.0600631
0.0600631
0.0600631
0.0600632
0.0600632
0.0600631
0.0600632
0.0600628
0.0600626
0.0600625
0.0600624
0.0600626
0.0600623
0.0600622
0.0600621
0.0600619
0.0600614
0.0600614
0.0600614
0.0600612
0.0600614
0.0600616
0.0600616
0.0600619
0.0600619
0.0600617
0.0600615
0.0600614
0.0600614
0.0600616
0.0600617
0.0600618
0.0600618
0.0600617
0.0600619
0.0600618
0.0600616
0.0600614
0.0600613
0.0600614
0.0600613
0.0600614
0.0600616
0.0600615
0.0600616
0.0600617
0.0600617
0.0600618
0.0600618
0.0600618
0.0600617
0.0600617
0.0600616
0.0600615
0.0600616
0.0600615
0.0600615
0.0600616
0.0600618
0.0600616
0.0600617
0.0600617
0.0600618
0.0600617
0.0600617
0.0600617
0.0600615
0.0600614
0.0600614
0.0600614
0.0600613
0.0600614
0.0600614
0.0600615
0.0600615
0.0600615
0.0600614
0.0600614
0.0600614
0.0600613
0.0600613
0.0600612
0.0600611
0.060061
0.060061
0.0600609
0.0600611
0.060061
0.0600611
0.0600614
0.0600614
0.0600613
0.0600613
0.0600612
0.060061
0.060061
0.060061
0.0600608
0.0600607
0.0600605
0.0600605
0.0600605
0.0600606
0.0600607
0.0600605
0.0600607
0.0600609
0.0600608
0.0600608
0.0600608
0.0600609
0.0600609
0.060061
0.0600611
0.0600612
0.0600611
0.0600614
0.0600613
0.0600614
0.0600615
0.0600615
0.0600615
0.0600617
0.0600616
0.0600615
0.0600617
0.0600616
0.0600616
0.0600615
0.0600614
0.0600613
0.060061
0.0600608
0.0600608
0.0600606
0.0600607
0.0600606
0.0600606
0.060061
0.0600609
0.0600607
0.0600607
0.0600607
0.0600605
0.0600604
0.0600603
0.06006
0.06006
0.0600595
0.0600596
0.0600596
0.0600596
0.0600596
0.0600596
0.0600596
0.0600597
0.0600598
0.0600596
0.0600595
0.0600595
0.0600593
0.0600595
0.0600595
0.0600594
0.0600594
0.0600593
0.0600593
0.0600593
0.0600593
0.0600592
0.0600595
0.0600594
0.0600594
0.0600594
0.0600594
0.0600595
0.0600592
0.060059
0.060059
0.0600591
0.0600592
0.060059
0.0600591
0.0600591
0.060059
0.060059
0.060059
0.0600591
0.0600591
0.060059
0.0600588
0.0600587
0.0600587
0.0600586
0.0600584
0.0600583
0.0600585
0.0600586
0.0600586
0.0600584
0.0600584
0.0600584
0.0600584
0.0600583
0.0600583
0.0600584
0.0600581
0.0600579
0.0600578
0.0600578
0.0600577
0.060058
0.0600579
0.0600577
0.0600578
0.0600577
0.0600577
0.0600578
0.0600576
0.0600577
0.0600577
0.0600577
0.0600575
0.0600575
0.0600576
0.0600576
0.0600576
0.0600577
0.0600574
0.0600573
0.0600573
0.0600572
0.0600573
0.0600572
0.0600571
0.060057
0.0600569
0.0600567
0.0600566
0.0600567
0.0600564
0.0600563
0.0600563
0.0600564
0.0600563
0.0600562
0.0600559
0.060056
0.0600559
0.0600559
0.0600559
0.060056
0.0600558
0.0600557
0.0600557
0.0600557
0.0600557
0.0600556
0.0600556
0.0600555
0.0600557
0.0600554
0.0600555
0.0600555
0.0600554
0.0600553
0.0600552
0.0600554
0.0600555
0.0600555
0.0600556
0.0600557
0.0600557
0.0600558
0.0600555
0.0600556
0.0600555
0.0600553
0.0600554
0.0600553
0.0600553
0.0600556
0.0600555
0.0600555
0.0600555
0.0600555
0.0600554
0.0600555
0.0600555
0.0600553
0.0600554
0.0600555
0.0600555
0.0600556
0.0600559
0.0600559
0.0600559
0.0600555
0.0600553
0.0600555
0.0600554
0.0600555
0.0600556
0.0600557
0.0600557
0.0600558
0.0600556
0.0600557
0.0600558
0.0600557
0.0600556
0.0600555
0.0600554
0.0600554
0.0600554
0.0600552
0.0600554
0.0600554
0.0600554
0.0600554
0.0600556
0.0600556
0.0600557
0.0600556
0.0600556
0.0600554
0.0600553
0.0600552
0.0600552
0.0600551
0.060055
0.060055
0.0600548
0.0600548
0.060055
0.0600548
0.0600547
0.0600544
0.0600545
0.0600545
0.0600544
0.0600544
0.0600545
0.0600544
0.0600544
0.0600545
0.0600542
0.0600542
0.0600543
0.0600541
0.0600543
0.0600543
0.0600543
0.0600543
0.0600542
0.0600542
0.0600541
0.0600541
0.0600544
0.0600544
0.0600544
0.0600542
0.0600543
0.0600544
0.0600543
0.0600543
0.0600546
0.0600544
0.0600544
0.0600545
0.0600545
0.0600545
0.0600543
0.0600543
0.0600543
0.0600543
0.0600543
0.0600545
0.0600542
0.0600543
0.0600544
0.0600544
0.0600542
0.0600542
0.060054
0.0600539
0.0600538
0.0600537
0.0600537
0.0600537
0.0600534
0.0600533
0.0600534
0.0600533
0.0600532
0.0600533
0.0600532
0.0600531
0.0600531
0.0600531
0.0600532
0.0600531
0.0600532
0.0600532
0.0600533
0.0600534
0.0600534
0.0600535
0.0600536
0.0600533
0.0600532
0.060053
0.060053
0.0600531
0.0600531
0.060053
0.060053
0.0600532
0.060053
0.0600531
0.0600529
0.0600529
0.0600531
0.0600532
0.060053
0.060053
0.0600531
0.0600531
0.0600529
0.0600528
0.0600526
0.0600522
0.0600521
0.0600521
0.0600523
0.0600524
0.0600523
0.0600525
0.0600526
0.0600524
0.0600523
0.0600523
0.0600523
0.0600524
0.0600523
0.0600523
0.060052
0.060052
0.060052
0.0600518
0.060052
0.0600519
0.060052
0.0600519
0.0600519
0.0600519
0.0600517
0.0600516
0.0600516
0.0600516
0.0600516
0.0600515
0.0600516
0.0600516
0.0600515
0.0600515
0.0600513
0.0600513
0.0600512
0.0600512
0.0600512
0.0600513
0.0600513
0.0600512
0.060051
0.060051
0.0600512
0.0600511
0.0600513
0.0600511
0.060051
0.0600511
0.060051
0.0600508
0.0600507
0.0600508
0.0600507
0.0600508
0.0600507
0.0600509
0.060051
0.060051
0.0600509
0.0600507
0.0600506
0.0600505
0.0600504
0.0600503
0.06005
0.0600498
0.0600499
0.0600498
0.0600499
0.0600498
0.0600497
0.0600497
0.06005
0.0600497
0.0600498
0.0600498
0.0600499
0.06005
0.0600502
0.0600503
0.0600504
0.0600505
0.0600505
0.0600505
0.0600506
0.0600504
0.0600505
0.0600505
0.0600504
0.0600503
0.0600501
0.06005
0.06005
0.0600497
0.0600498
0.0600498
0.0600499
0.0600497
0.0600496
0.0600497
0.0600496
0.0600494
0.0600493
0.0600493
0.0600492
0.0600493
0.0600495
0.0600496
0.06005
0.06005
0.06005
0.0600501
0.0600501
0.06005
0.0600499
0.0600498
0.0600498
0.0600499
0.0600499
0.0600496
0.0600496
0.0600495
0.0600495
0.0600495
0.0600495
0.0600492
0.0600492
0.0600496
0.0600497
0.0600499
0.0600499
0.0600498
0.0600496
0.0600497
0.0600497
0.0600495
0.0600496
0.0600495
0.0600495
0.0600495
0.0600495
0.0600498
0.0600498
0.0600497
0.0600499
0.0600498
0.0600499
0.0600499
0.0600501
0.06005
0.0600499
0.06005
0.0600502
0.0600502
0.0600501
0.06005
0.0600499
0.0600497
0.0600497
0.0600498
0.0600498
0.0600498
0.0600499
0.06005
0.0600501
0.0600499
0.0600498
0.0600497
0.0600495
0.0600494
0.0600493
0.0600494
0.0600495
0.0600495
0.0600494
0.0600492
0.0600492
0.0600491
0.0600491
0.0600492
0.060049
0.0600491
0.060049
0.0600488
0.0600488
0.060049
0.0600489
0.0600487
0.0600486
0.0600487
0.0600485
0.0600483
0.0600483
0.0600482
0.0600484
0.0600484
0.0600485
0.0600486
0.0600485
0.0600484
0.0600484
0.0600485
0.0600484
0.0600484
0.0600484
0.0600482
0.060048
0.060048
0.0600481
0.0600482
0.060048
0.0600479
0.0600478
0.0600477
0.0600477
0.0600479
0.0600479
0.0600479
0.0600479
0.0600479
0.060048
0.0600482
0.0600483
0.0600483
0.0600485
0.0600487
0.0600486
0.0600488
0.0600489
0.0600488
0.0600488
0.060049
0.060049
0.060049
0.060049
0.060049
0.0600491
0.0600489
0.0600488
0.0600487
0.0600489
0.060049
0.060049
0.0600487
0.0600487
0.0600485
0.0600484
0.0600483
0.0600485
0.0600483
0.0600483
0.0600482
0.0600482
0.060048
0.060048
0.060048
0.0600479
0.060048
0.0600478
0.0600477
0.0600475
0.0600474
0.0600475
0.0600476
0.0600476
0.0600476
0.0600475
0.0600473
0.0600475
0.0600475
0.0600473
0.0600473
0.0600472
0.0600472
0.0600473
0.0600471
0.060047
0.0600469
0.0600468
0.0600465
0.0600465
0.0600463
0.0600462
0.0600461
0.0600461
0.0600459
0.0600456
0.0600456
0.0600455
0.0600454
0.0600454
0.0600453
0.0600452
0.0600452
0.0600451
0.0600451
0.060045
0.0600451
0.0600452
0.0600451
0.060045
0.0600449
0.0600449
0.0600448
0.0600448
0.0600449
0.0600449
0.0600447
0.0600447
0.0600447
0.0600447
0.0600447
0.0600445
0.0600447
0.0600445
0.0600446
0.0600446
0.0600446
0.0600449
0.0600448
0.0600448
0.0600448
0.0600448
0.0600448
0.0600446
0.0600445
0.0600444
0.0600442
0.0600442
0.0600442
0.0600443
0.0600444
0.0600445
0.0600446
0.0600445
0.0600444
0.0600443
0.0600446
0.0600444
0.0600443
0.0600446
0.0600445
0.0600445
0.0600444
0.0600441
0.0600439
0.0600437
0.0600436
0.0600435
0.0600434
0.0600434
0.0600432
0.0600432
0.0600433
0.0600431
0.0600431
0.060043
0.0600429
0.060043
0.0600431
0.0600432
0.0600431
0.060043
0.0600429
0.060043
0.0600431
0.060043
0.060043
0.0600429
0.0600429
0.060043
0.0600431
0.060043
0.0600431
0.0600432
0.0600432
0.0600433
0.0600432
0.0600432
0.0600432
0.0600431
0.0600431
0.060043
0.060043
0.0600429
0.060043
0.0600433
0.0600434
0.0600434
0.0600432
0.0600431
0.060043
0.060043
0.0600428
0.0600427
0.0600426
0.0600427
0.0600426
0.0600424
0.0600422
0.0600422
0.0600423
0.0600423
0.0600424
0.0600425
0.0600424
0.0600423
0.0600423
0.0600424
0.0600426
0.0600426
0.0600426
0.0600429
0.0600428
0.0600429
0.0600429
0.0600428
0.0600428
0.060043
0.0600429
0.0600429
0.0600429
0.0600429
0.0600429
0.0600429
0.0600431
0.0600428
0.0600429
0.060043
0.0600431
0.0600431
0.060043
0.0600428
0.0600427
0.0600427
0.0600425
0.0600424
0.0600425
0.0600423
0.0600423
0.0600424
0.0600422
0.0600422
0.0600421
0.060042
0.060042
0.060042
0.0600419
0.060042
0.0600419
0.0600418
0.0600416
0.0600416
0.0600413
0.0600412
0.0600412
0.060041
0.0600411
0.0600412
0.0600411
0.060041
0.060041
0.0600409
0.0600409
0.060041
0.060041
0.060041
0.0600409
0.0600411
0.0600412
0.0600411
0.0600411
0.0600413
0.0600412
0.0600413
0.0600414
0.0600413
0.0600414
0.0600414
0.0600413
0.0600414
0.0600415
0.0600414
0.0600415
0.0600414
0.0600412
0.0600412
0.0600413
0.0600411
0.060041
0.060041
0.0600411
0.0600411
0.0600411
0.060041
0.0600411
0.0600411
0.0600412
0.0600411
0.0600411
0.060041
0.0600409
0.0600411
0.0600411
0.0600409
0.060041
0.060041
0.060041
0.0600409
0.060041
0.060041
0.060041
0.0600407
0.0600406
0.0600406
0.0600407
0.0600406
0.0600406
0.0600405
0.0600405
0.0600404
0.0600404
0.0600403
0.0600403
0.0600402
0.0600402
0.0600403
0.0600403
0.0600404
0.0600405
0.0600405
0.0600403
0.0600404
0.0600402
0.0600405
0.0600405
0.0600406
0.0600403
0.0600404
0.0600404
0.0600404
0.0600404
0.0600404
0.0600405
0.0600406
0.0600406
0.0600405
0.0600405
0.0600403
0.0600405
0.0600405
0.0600405
0.0600404
0.0600405
0.0600405
0.0600405
0.0600404
0.0600403
0.0600403
0.0600402
0.0600402
0.06004
0.0600401
0.06004
0.0600401
0.0600401
0.06004
0.06004
0.0600399
0.0600397
0.0600397
0.0600397
0.0600397
0.0600398
0.0600398
0.0600399
0.0600399
0.0600398
0.0600397
0.0600397
0.0600397
0.0600396
0.0600395
0.0600394
0.0600395
0.0600395
0.0600395
0.0600396
0.0600395
0.0600396
0.0600396
0.0600394
0.0600394
0.0600393
0.0600393
0.0600393
0.0600393
0.0600393
