2.50101
1.28282
0.868856
0.681811
0.602583
0.505831
0.440796
0.412266
0.368539
0.338322
0.319977
0.293756
0.275111
0.25956
0.244604
0.231738
0.220721
0.210764
0.202958
0.195037
0.187999
0.182308
0.176358
0.170988
0.166445
0.162008
0.15943
0.155346
0.151729
0.148428
0.145268
0.142305
0.139498
0.137495
0.134978
0.132623
0.130577
0.128592
0.126685
0.124938
0.123189
0.121493
0.119979
0.118367
0.116897
0.115523
0.114272
0.112946
0.111887
0.11091
0.109847
0.109093
0.108029
0.106994
0.106033
0.105141
0.104323
0.103408
0.102602
0.10182
0.101111
0.100343
0.0996107
0.0989297
0.098226
0.0975586
0.0968784
0.0963991
0.0958552
0.0953097
0.0947254
0.0942248
0.0936855
0.0932601
0.0927832
0.0923634
0.0918614
0.0914814
0.0909893
0.0905544
0.0901432
0.0896997
0.0894546
0.0890681
0.0886779
0.088306
0.0879654
0.0875956
0.0872182
0.0868728
0.0865772
0.0862608
0.0859481
0.0855964
0.0852681
0.0849554
0.0846493
0.0844057
0.084112
0.0838274
0.0835993
0.0833261
0.0830339
0.082774
0.0825298
0.0823972
0.0821821
0.0819687
0.0817385
0.0815168
0.0813586
0.0811529
0.080924
0.080702
0.0804881
0.0803017
0.080105
0.0799871
0.0797783
0.0795608
0.0793899
0.0791898
0.0789912
0.0788303
0.0786712
0.0784998
0.0783364
0.0781487
0.0779969
0.0778128
0.0776455
0.0775182
0.0773444
0.0771884
0.0770201
0.0768838
0.0767223
0.0765827
0.0764459
0.076316
0.0761759
0.076024
0.075867
0.0757247
0.0756047
0.0754714
0.0753375
0.0752138
0.0750702
0.0749406
0.0748279
0.0746921
0.0745689
0.0744499
0.0743341
0.0742384
0.074148
0.0740533
0.0739549
0.0738783
0.0737949
0.073691
0.0735849
0.073486
0.0733896
0.0733085
0.0732134
0.0731116
0.0730128
0.0729195
0.0728128
0.0727321
0.0726399
0.0725995
0.0725214
0.0724318
0.072345
0.0722603
0.072175
0.0721116
0.0720371
0.0719611
0.0718855
0.0717993
0.0717171
0.0716508
0.0715818
0.0715029
0.0714384
0.0713748
0.0712913
0.0712321
0.0711452
0.0710745
0.0710136
0.0709487
0.0708791
0.070813
0.0707351
0.0708038
0.07073
0.0706711
0.0706177
0.0705524
0.0704871
0.0704252
0.0703536
0.0703042
0.0702369
0.0701731
0.0701031
0.0700331
0.0699687
0.0699022
0.0698353
0.0697904
0.069734
0.0696908
0.0696205
0.0695726
0.0695074
0.0694542
0.0693887
0.069333
0.0692765
0.0692125
0.0691627
0.0691121
0.0690465
0.0690098
0.0689596
0.0689025
0.0688551
0.0687981
0.0687443
0.0687068
0.0686534
0.0686039
0.0685651
0.0685173
0.0684598
0.0684099
0.0683592
0.0683092
0.0682677
0.0682369
0.0682037
0.0681939
0.068145
0.0680901
0.0680382
0.0679926
0.067953
0.0679062
0.0678597
0.0678144
0.0677767
0.0677298
0.067679
0.0676351
0.0675958
0.0675583
0.0675177
0.0674704
0.067438
0.0674044
0.0673617
0.0673191
0.0672843
0.0672597
0.0672199
0.0671786
0.0671469
0.0671047
0.0670591
0.0670231
0.0669767
0.0669362
0.0668976
0.0668597
0.0668378
0.0667973
0.0667689
0.0667203
0.0666805
0.0666433
0.0666109
0.0665769
0.0665504
0.0665219
0.0664803
0.0664466
0.0664154
0.0663975
0.0663665
0.0663371
0.0663047
0.0662747
0.0662434
0.0662135
0.066183
0.066146
0.0661195
0.0660959
0.0660792
0.0660607
0.0660305
0.0659962
0.0659707
0.0659537
0.0659207
0.0658933
0.0658632
0.0658337
0.0658101
0.0657918
0.0657639
0.0657385
0.0657142
0.0656866
0.0656609
0.0656301
0.0656006
0.0655741
0.0655478
0.0655192
0.0654977
0.0654744
0.0654535
0.0654235
0.0653925
0.0653683
0.0653487
0.0653244
0.0652876
0.0652651
0.0652448
0.0652256
0.0652003
0.0651835
0.0651608
0.0651366
0.0651197
0.0651025
0.0650786
0.0650514
0.0650322
0.0650064
0.0649848
0.0649596
0.0649368
0.0649163
0.0648953
0.0648714
0.064852
0.0648403
0.064818
0.0647955
0.0647742
0.0647486
0.0647407
0.0647317
0.064709
0.0646807
0.0646599
0.0646484
0.0646397
0.0646182
0.0646045
0.0645794
0.0645588
0.064544
0.0645254
0.0645073
0.0644798
0.0644554
0.0644383
0.0644223
0.0644083
0.0643873
0.064369
0.064353
0.0643398
0.0643262
0.0643035
0.0642825
0.0642601
0.0642432
0.064228
0.0642061
0.0641973
0.0641777
0.0641608
0.0641413
0.0641281
0.0641127
0.0640966
0.0640758
0.064064
0.064051
0.0640376
0.0640226
0.0640045
0.0639934
0.0639801
0.0639618
0.0639536
0.0639382
0.0639263
0.0639059
0.0638894
0.0638833
0.0638671
0.0638522
0.0638436
0.0638279
0.0638082
0.0638032
0.0637906
0.0637807
0.0637695
0.063752
0.0637358
0.0637249
0.0637098
0.0636987
0.0636902
0.0636733
0.0636598
0.0636466
0.0636342
0.0636199
0.0636035
0.0635897
0.0635748
0.0635586
0.0635417
0.0635322
0.0635205
0.0635151
0.0634983
0.0634825
0.063464
0.0634453
0.0634374
0.0634264
0.0634065
0.0633899
0.0633791
0.0633657
0.0633519
0.0633432
0.0633368
0.0633261
0.0633211
0.0633029
0.0632925
0.0632837
0.0632774
0.0632695
0.0632598
0.0632477
0.0632388
0.0632305
0.0632175
0.0632065
0.0631875
0.063175
0.0631695
0.0631548
0.0631427
0.0631362
0.0631226
0.063107
0.0630953
0.0630848
0.0630786
0.0630658
0.0630537
0.0630422
0.0630306
0.0630195
0.0630119
0.0630013
0.0629854
0.0629756
0.0629675
0.0629599
0.0629501
0.062938
0.0629266
0.0629134
0.0629036
0.0628963
0.0628868
0.0628776
0.0628714
0.0628645
0.0628567
0.0628472
0.0628402
0.0628296
0.0628266
0.0628171
0.0628055
0.0627997
0.0627892
0.0627769
0.0627685
0.0627625
0.0627562
0.0627472
0.0627388
0.0627307
0.0627184
0.0627028
0.0626941
0.0626856
0.0626777
0.0626624
0.0626511
0.0626463
0.0626376
0.0626252
0.0626169
0.0626107
0.0625963
0.0625885
0.0625747
0.062565
0.0625483
0.0625444
0.0625362
0.0625233
0.0625125
0.0625004
0.0624915
0.0624819
0.0624713
0.0624711
0.0624665
0.062458
0.0624524
0.0624419
0.0624288
0.0624168
0.062411
0.0624068
0.0623963
0.0623814
0.0623736
0.0623614
0.062349
0.0623367
0.0623282
0.0623211
0.0623128
0.0623063
0.0623032
0.0622976
0.0622854
0.0622754
0.0622637
0.0622553
0.0622458
0.0622343
0.0622266
0.0622175
0.0622084
0.0622025
0.0621904
0.0621826
0.0621737
0.0621625
0.0621515
0.0621397
0.0621363
0.0621294
0.062121
0.0621146
0.0621093
0.0621007
0.0620941
0.062087
0.0620772
0.0620723
0.0620659
0.0620572
0.0620533
0.0620452
0.0620374
0.0620302
0.0620215
0.0620108
0.0620054
0.0619993
0.0619954
0.0619873
0.0619829
0.0619768
0.0619706
0.0619596
0.0619602
0.0619539
0.0619452
0.0619374
0.0619281
0.0619206
0.0619167
0.0619107
0.0619049
0.0618975
0.0618924
0.0618855
0.0618758
0.0618653
0.0618587
0.0618525
0.0618452
0.0618377
0.0618319
0.0618285
0.0618224
0.0618124
0.0618036
0.0617965
0.0617867
0.0617781
0.0617761
0.0617671
0.0617598
0.0617554
0.0617481
0.0617419
0.0617315
0.0617268
0.0617169
0.0617077
0.0617007
0.061697
0.061695
0.0616906
0.0616841
0.0616754
0.0616682
0.0616637
0.0616539
0.0616535
0.0616473
0.0616384
0.0616304
0.0616217
0.0616153
0.0616085
0.0616047
0.0615996
0.0615881
0.0615774
0.0615779
0.0615721
0.0615712
0.0615678
0.0615615
0.0615543
0.0615492
0.0615429
0.0615398
0.0615297
0.061526
0.0615177
0.0615148
0.0615075
0.0615025
0.0614963
0.0614896
0.0614853
0.0614877
0.0614813
0.061476
0.0614724
0.0614726
0.0614679
0.0614606
0.0614507
0.0614455
0.0614381
0.0614339
0.061429
0.0614233
0.0614202
0.0614145
0.0614085
0.0614014
0.0613963
0.0613874
0.0613825
0.0613783
0.0613756
0.0613742
0.0613698
0.0613638
0.0613545
0.0613539
0.0613506
0.0613464
0.0613444
0.061342
0.0613384
0.0613301
0.0613374
0.0613318
0.0613265
0.0613232
0.0613224
0.0613138
0.0613076
0.061306
0.0613029
0.0612977
0.0612921
0.0612835
0.0612809
0.061279
0.0612742
0.061271
0.0612633
0.0612589
0.0612528
0.0612506
0.0612427
0.0612396
0.0612354
0.06123
0.0612249
0.0612205
0.0612112
0.0612075
0.0612008
0.0611948
0.0611887
0.0611857
0.0611793
0.0611792
0.0611756
0.0611717
0.0611662
0.061165
0.0611613
0.0611566
0.061151
0.0611496
0.0611454
0.0611375
0.0611323
0.0611258
0.06112
0.0611158
0.0611121
0.061107
0.061104
0.0611044
0.0610993
0.0610942
0.0610888
0.0610857
0.0610803
0.0610724
0.0610713
0.061066
0.06106
0.0610587
0.0610538
0.0610527
0.0610523
0.0610412
0.0610402
0.0610371
0.0610323
0.0610275
0.0610205
0.0610201
0.0610135
0.0610107
0.0610066
0.0610012
0.0609971
0.0609969
0.060993
0.0609873
0.0609841
0.0609802
0.060974
0.0609715
0.0609715
0.0609666
0.0609661
0.0609596
0.060957
0.0609554
0.0609545
0.0609505
0.0609455
0.0609424
0.0609388
0.0609339
0.0609278
0.0609259
0.0609229
0.0609224
0.0609202
0.060914
0.060911
0.0609074
0.0609011
0.0608969
0.0608965
0.0608925
0.0608868
0.0608832
0.0608786
0.0608731
0.0608702
0.0608657
0.0608603
0.0608582
0.060854
0.0608471
0.0608451
0.0608431
0.0608405
0.0608376
0.0608359
0.0608321
0.0608286
0.0608261
0.0608237
0.0608202
0.0608171
0.0608115
0.0608089
0.0608068
0.0608065
0.0608011
0.0607943
0.0607916
0.0607865
0.0607802
0.060779
0.0607779
0.0607775
0.060771
0.0607709
0.0607638
0.0607618
0.0607574
0.0607521
0.0607485
0.0607435
0.0607385
0.0607347
0.060729
0.0607254
0.0607221
0.0607193
0.0607124
0.0607077
0.060705
0.0607033
0.0606987
0.0606951
0.0606944
0.0606903
0.060687
0.0606829
0.060676
0.0606717
0.0606658
0.0606622
0.0606591
0.0606525
0.0606469
0.0606426
0.06064
0.0606365
0.0606307
0.0606269
0.0606226
0.0606184
0.060615
0.0606116
0.0606084
0.0606044
0.060603
0.0605976
0.0605952
0.060594
0.060597
0.060597
